# unix_time, cycles_done, cur_path, paths_total, pending_total, pending_favs, map_size, unique_crashes, unique_hangs, max_depth, execs_per_sec, valid_inputs, invalid_inputs, valid_cov
1669879103, 0, 0, 1, 0, 0, 0.19%, 0, 0, 0, 0.29, 0, 1, 0.00%
1669879103, 0, 0, 5, 0, 0, 1.06%, 0, 0, 0, 6.36, 1, 4, 0.91%
1669879104, 0, 0, 10, 0, 0, 1.12%, 0, 0, 0, 23.74, 1, 12, 0.91%
1669879104, 0, 0, 13, 0, 0, 1.12%, 0, 0, 0, 8.02, 2, 14, 0.92%
1669879104, 0, 0, 18, 0, 0, 1.20%, 0, 0, 0, 23.26, 5, 18, 1.05%
1669879105, 0, 0, 40, 0, 0, 1.32%, 0, 0, 0, 113.15, 9, 51, 1.06%
1669879105, 0, 0, 49, 0, 0, 1.36%, 0, 0, 0, 72.07, 12, 80, 1.06%
1669879105, 0, 2, 59, 0, 0, 1.40%, 0, 0, 0, 114.21, 22, 115, 1.08%
1669879106, 0, 2, 65, 0, 0, 1.42%, 0, 0, 0, 117.09, 28, 146, 1.08%
1669879106, 0, 2, 79, 0, 0, 1.48%, 0, 0, 0, 199.34, 36, 198, 1.09%
1669879106, 0, 3, 84, 0, 0, 1.49%, 0, 0, 0, 109.63, 41, 226, 1.09%
1669879107, 0, 3, 96, 0, 0, 1.52%, 0, 0, 0, 211.92, 44, 287, 1.10%
1669879107, 0, 4, 104, 0, 0, 1.54%, 0, 0, 0, 271.52, 54, 359, 1.10%
1669879107, 0, 4, 111, 0, 0, 1.54%, 0, 0, 0, 181.53, 77, 393, 1.13%
1669879107, 0, 4, 117, 0, 0, 1.56%, 0, 0, 0, 261.44, 93, 457, 1.13%
1669879108, 0, 4, 122, 0, 0, 1.59%, 0, 0, 0, 200.00, 109, 501, 1.16%
1669879108, 0, 4, 133, 0, 0, 1.61%, 0, 0, 0, 251.66, 128, 558, 1.17%
1669879108, 0, 4, 137, 0, 0, 1.61%, 0, 0, 0, 215.34, 141, 618, 1.17%
1669879109, 0, 4, 142, 0, 0, 1.62%, 0, 0, 0, 285.25, 159, 687, 1.17%
1669879109, 0, 4, 148, 0, 0, 1.63%, 0, 0, 0, 235.88, 182, 735, 1.18%
1669879109, 0, 6, 157, 0, 0, 1.67%, 0, 0, 0, 387.42, 198, 836, 1.18%
1669879110, 0, 8, 161, 0, 0, 1.68%, 0, 0, 0, 423.84, 214, 948, 1.21%
1669879110, 0, 11, 166, 0, 0, 1.69%, 0, 0, 0, 370.49, 230, 1045, 1.23%
1669879110, 0, 12, 170, 0, 0, 1.69%, 0, 0, 0, 293.16, 257, 1108, 1.26%
1669879111, 0, 12, 176, 0, 0, 1.70%, 0, 0, 0, 275.41, 278, 1171, 1.26%
1669879111, 0, 12, 183, 0, 0, 1.72%, 0, 0, 0, 240.00, 305, 1216, 1.28%
1669879111, 0, 12, 184, 0, 0, 1.72%, 0, 0, 0, 237.79, 329, 1265, 1.28%
1669879111, 0, 12, 189, 0, 0, 1.74%, 0, 0, 0, 243.33, 353, 1314, 1.30%
1669879112, 0, 13, 194, 0, 0, 1.75%, 0, 0, 0, 273.03, 382, 1368, 1.30%
1669879112, 0, 15, 200, 0, 0, 1.76%, 0, 0, 0, 490.00, 395, 1502, 1.30%
1669879112, 0, 15, 203, 0, 0, 1.76%, 0, 0, 0, 223.68, 420, 1545, 1.30%
1669879113, 0, 15, 203, 0, 0, 1.76%, 0, 0, 0, 77.17, 427, 1562, 1.30%
1669879113, 0, 15, 204, 0, 0, 1.76%, 0, 0, 0, 115.89, 439, 1585, 1.30%
1669879113, 0, 15, 205, 0, 0, 1.76%, 0, 0, 0, 196.01, 454, 1629, 1.30%
1669879114, 0, 15, 207, 0, 0, 1.76%, 0, 0, 0, 238.41, 476, 1679, 1.32%
1669879114, 0, 15, 208, 0, 0, 1.77%, 0, 0, 0, 95.09, 486, 1700, 1.32%
1669879114, 0, 15, 209, 0, 0, 1.77%, 0, 0, 0, 107.49, 496, 1723, 1.32%
1669879115, 0, 15, 210, 0, 0, 1.77%, 0, 0, 0, 207.92, 513, 1769, 1.32%
1669879115, 0, 16, 213, 0, 0, 1.78%, 0, 0, 0, 253.33, 536, 1822, 1.33%
1669879115, 0, 16, 215, 0, 0, 1.79%, 0, 0, 0, 111.11, 543, 1849, 1.33%
1669879115, 0, 16, 216, 0, 0, 1.79%, 0, 0, 0, 79.21, 553, 1863, 1.33%
1669879116, 0, 16, 216, 0, 0, 1.79%, 0, 0, 0, 109.32, 568, 1882, 1.33%
1669879116, 0, 16, 219, 0, 0, 1.79%, 0, 0, 0, 132.89, 582, 1908, 1.34%
1669879116, 0, 16, 220, 0, 0, 1.79%, 0, 0, 0, 120.00, 596, 1930, 1.34%
1669879117, 0, 16, 221, 0, 0, 1.79%, 0, 0, 0, 165.02, 613, 1963, 1.34%
1669879117, 0, 16, 225, 0, 0, 1.80%, 0, 0, 0, 273.93, 634, 2025, 1.34%
1669879117, 0, 16, 226, 0, 0, 1.80%, 0, 0, 0, 109.27, 650, 2042, 1.34%
1669879118, 0, 16, 227, 0, 0, 1.80%, 0, 0, 0, 213.33, 670, 2086, 1.34%
1669879118, 0, 20, 230, 0, 0, 1.80%, 0, 0, 0, 360.00, 689, 2175, 1.34%
1669879118, 0, 22, 233, 0, 0, 1.80%, 0, 0, 0, 504.98, 703, 2313, 1.34%
1669879118, 0, 25, 236, 0, 0, 1.81%, 0, 0, 0, 390.00, 727, 2406, 1.34%
1669879119, 0, 25, 238, 0, 0, 1.81%, 0, 0, 0, 344.37, 752, 2485, 1.34%
1669879119, 0, 25, 242, 0, 0, 1.83%, 0, 0, 0, 235.29, 774, 2535, 1.38%
1669879119, 0, 25, 243, 0, 0, 1.85%, 0, 0, 0, 300.00, 799, 2600, 1.38%
1669879120, 0, 26, 248, 0, 0, 1.85%, 0, 0, 0, 328.90, 814, 2684, 1.39%
1669879120, 0, 27, 251, 0, 0, 1.86%, 0, 0, 0, 303.33, 830, 2759, 1.39%
1669879120, 0, 29, 256, 0, 0, 1.86%, 0, 0, 0, 315.61, 847, 2837, 1.39%
1669879121, 0, 31, 261, 0, 0, 1.88%, 0, 0, 0, 376.24, 866, 2932, 1.42%
1669879121, 0, 33, 262, 0, 0, 1.89%, 0, 0, 0, 273.93, 889, 2992, 1.42%
1669879121, 0, 33, 263, 0, 0, 1.89%, 0, 0, 0, 302.33, 916, 3056, 1.42%
1669879121, 0, 33, 267, 0, 0, 1.89%, 0, 0, 0, 252.49, 943, 3105, 1.42%
1669879122, 0, 33, 267, 0, 0, 1.89%, 0, 0, 0, 265.78, 973, 3155, 1.42%
1669879122, 0, 33, 268, 0, 0, 1.90%, 0, 0, 0, 376.67, 996, 3245, 1.42%
1669879122, 0, 33, 269, 0, 0, 1.90%, 0, 0, 0, 281.55, 1026, 3302, 1.42%
1669879123, 0, 37, 272, 0, 0, 1.90%, 0, 0, 0, 336.57, 1048, 3384, 1.42%
1669879123, 0, 39, 274, 0, 0, 1.90%, 0, 0, 0, 320.00, 1068, 3460, 1.43%
1669879123, 0, 39, 278, 0, 0, 1.91%, 0, 0, 0, 316.67, 1091, 3532, 1.44%
1669879124, 0, 39, 280, 0, 0, 1.91%, 0, 0, 0, 320.13, 1115, 3605, 1.44%
1669879124, 0, 39, 282, 0, 0, 1.93%, 0, 0, 0, 328.99, 1142, 3679, 1.44%
1669879124, 0, 40, 284, 0, 0, 1.93%, 0, 0, 0, 355.48, 1163, 3765, 1.44%
1669879124, 0, 45, 286, 0, 0, 1.93%, 0, 0, 0, 593.33, 1172, 3934, 1.44%
1669879125, 0, 46, 286, 0, 0, 1.93%, 0, 0, 0, 325.58, 1187, 4017, 1.44%
1669879125, 0, 48, 292, 0, 0, 1.95%, 0, 0, 0, 380.33, 1207, 4113, 1.45%
1669879125, 0, 49, 292, 0, 0, 1.95%, 0, 0, 0, 250.83, 1218, 4178, 1.45%
1669879126, 0, 49, 292, 0, 0, 1.95%, 0, 0, 0, 272.13, 1248, 4231, 1.45%
1669879126, 0, 49, 294, 0, 0, 1.95%, 0, 0, 0, 308.20, 1277, 4296, 1.45%
1669879126, 0, 49, 295, 0, 0, 1.95%, 0, 0, 0, 326.67, 1309, 4362, 1.45%
1669879127, 0, 52, 296, 0, 0, 1.95%, 0, 0, 0, 346.67, 1336, 4439, 1.45%
1669879127, 0, 52, 297, 0, 0, 1.95%, 0, 0, 0, 326.15, 1364, 4517, 1.45%
1669879127, 0, 52, 298, 0, 0, 1.95%, 0, 0, 0, 350.00, 1396, 4590, 1.45%
1669879128, 0, 52, 298, 0, 0, 1.95%, 0, 0, 0, 382.35, 1426, 4677, 1.45%
1669879128, 0, 53, 298, 0, 0, 1.95%, 0, 0, 0, 433.33, 1453, 4780, 1.45%
1669879128, 0, 56, 298, 0, 0, 1.95%, 0, 0, 0, 403.28, 1483, 4873, 1.45%
1669879128, 0, 57, 298, 0, 0, 1.95%, 0, 0, 0, 262.82, 1502, 4936, 1.45%
1669879129, 0, 57, 301, 0, 0, 1.95%, 0, 0, 0, 233.33, 1525, 4983, 1.46%
1669879129, 0, 57, 303, 0, 0, 1.95%, 0, 0, 0, 270.97, 1551, 5041, 1.47%
1669879129, 0, 57, 304, 0, 0, 1.95%, 0, 0, 0, 310.23, 1578, 5108, 1.47%
1669879130, 0, 57, 307, 0, 0, 1.96%, 0, 0, 0, 272.43, 1608, 5160, 1.47%
1669879130, 0, 59, 309, 0, 0, 1.96%, 0, 0, 0, 345.39, 1630, 5243, 1.47%
1669879130, 0, 62, 310, 0, 0, 1.96%, 0, 0, 0, 421.57, 1654, 5348, 1.47%
1669879131, 0, 69, 312, 0, 0, 1.96%, 0, 0, 0, 262.46, 1680, 5401, 1.47%
1669879131, 0, 69, 314, 0, 0, 1.97%, 0, 0, 0, 333.33, 1704, 5477, 1.47%
1669879131, 0, 69, 314, 0, 0, 1.97%, 0, 0, 0, 328.95, 1737, 5544, 1.47%
1669879131, 0, 69, 315, 0, 0, 1.97%, 0, 0, 0, 370.86, 1766, 5627, 1.47%
1669879132, 0, 71, 318, 0, 0, 2.00%, 0, 0, 0, 360.93, 1786, 5716, 1.47%
1669879132, 0, 76, 321, 0, 0, 2.00%, 0, 0, 0, 461.79, 1809, 5832, 1.47%
1669879132, 0, 79, 323, 0, 0, 2.00%, 0, 0, 0, 447.37, 1836, 5941, 1.48%
1669879133, 0, 79, 323, 0, 0, 2.00%, 0, 0, 0, 355.26, 1869, 6016, 1.48%
1669879133, 0, 79, 324, 0, 0, 2.00%, 0, 0, 0, 271.52, 1897, 6070, 1.48%
1669879133, 0, 79, 325, 0, 0, 2.00%, 0, 0, 0, 197.41, 1919, 6109, 1.48%
1669879134, 0, 81, 325, 0, 0, 2.00%, 0, 0, 0, 341.06, 1949, 6182, 1.48%
1669879134, 0, 83, 328, 0, 0, 2.01%, 0, 0, 0, 500.00, 1968, 6313, 1.48%
1669879134, 0, 88, 328, 0, 0, 2.01%, 0, 0, 0, 616.67, 1985, 6481, 1.48%
1669879135, 0, 88, 328, 0, 0, 2.01%, 0, 0, 0, 301.64, 2020, 6538, 1.48%
1669879135, 0, 88, 330, 0, 0, 2.01%, 0, 0, 0, 302.33, 2053, 6596, 1.48%
1669879135, 0, 88, 330, 0, 0, 2.01%, 0, 0, 0, 349.83, 2077, 6678, 1.48%
1669879135, 0, 89, 332, 0, 0, 2.01%, 0, 0, 0, 431.89, 2102, 6783, 1.49%
1669879136, 0, 94, 333, 0, 0, 2.01%, 0, 0, 0, 540.00, 2122, 6925, 1.50%
1669879136, 0, 94, 334, 0, 0, 2.01%, 0, 0, 0, 295.68, 2155, 6981, 1.50%
1669879136, 0, 94, 334, 0, 0, 2.01%, 0, 0, 0, 371.34, 2182, 7068, 1.50%
1669879137, 0, 94, 334, 0, 0, 2.01%, 0, 0, 0, 309.21, 2209, 7135, 1.50%
1669879137, 0, 95, 335, 0, 0, 2.01%, 0, 0, 0, 373.33, 2236, 7220, 1.50%
1669879137, 0, 98, 335, 0, 0, 2.01%, 0, 0, 0, 544.26, 2254, 7368, 1.50%
1669879138, 0, 103, 336, 0, 0, 2.01%, 0, 0, 0, 442.62, 2271, 7486, 1.50%
1669879138, 0, 104, 338, 0, 0, 2.01%, 0, 0, 0, 423.33, 2294, 7590, 1.50%
1669879138, 0, 104, 338, 0, 0, 2.01%, 0, 0, 0, 343.33, 2322, 7665, 1.50%
1669879138, 0, 104, 338, 0, 0, 2.01%, 0, 0, 0, 296.67, 2350, 7726, 1.50%
1669879139, 0, 104, 338, 0, 0, 2.01%, 0, 0, 0, 264.52, 2377, 7781, 1.50%
1669879139, 0, 105, 338, 0, 0, 2.01%, 0, 0, 0, 313.33, 2404, 7848, 1.50%
1669879139, 0, 105, 339, 0, 0, 2.01%, 0, 0, 0, 240.13, 2430, 7895, 1.50%
1669879140, 0, 105, 339, 0, 0, 2.01%, 0, 0, 0, 278.69, 2460, 7950, 1.50%
1669879140, 0, 105, 339, 0, 0, 2.01%, 0, 0, 0, 310.23, 2492, 8012, 1.50%
1669879140, 0, 105, 339, 0, 0, 2.01%, 0, 0, 0, 343.23, 2525, 8083, 1.50%
1669879141, 0, 107, 339, 0, 0, 2.01%, 0, 0, 0, 375.42, 2540, 8181, 1.50%
1669879141, 0, 107, 340, 0, 0, 2.01%, 0, 0, 0, 370.49, 2559, 8275, 1.50%
1669879141, 0, 107, 341, 0, 0, 2.01%, 0, 0, 0, 313.33, 2585, 8343, 1.50%
1669879141, 0, 107, 345, 0, 0, 2.01%, 0, 0, 0, 366.67, 2609, 8429, 1.50%
1669879142, 0, 107, 346, 0, 0, 2.02%, 0, 0, 0, 242.52, 2634, 8477, 1.50%
1669879142, 0, 109, 347, 0, 0, 2.02%, 0, 0, 0, 380.00, 2650, 8575, 1.51%
1669879142, 0, 109, 348, 0, 0, 2.07%, 0, 0, 0, 159.61, 2664, 8610, 1.57%
1669879143, 0, 109, 348, 0, 0, 2.07%, 0, 0, 0, 200.00, 2685, 8649, 1.57%
1669879143, 0, 109, 349, 0, 0, 2.07%, 0, 0, 0, 246.67, 2705, 8703, 1.57%
1669879143, 0, 109, 350, 0, 0, 2.07%, 0, 0, 0, 205.98, 2722, 8748, 1.57%
1669879144, 0, 109, 351, 0, 0, 2.07%, 0, 0, 0, 346.67, 2752, 8822, 1.57%
1669879144, 0, 110, 351, 0, 0, 2.07%, 0, 0, 0, 305.47, 2780, 8889, 1.57%
1669879144, 0, 110, 351, 0, 0, 2.07%, 0, 0, 0, 236.67, 2805, 8935, 1.57%
1669879145, 0, 110, 351, 0, 0, 2.07%, 0, 0, 0, 312.70, 2830, 9006, 1.57%
1669879145, 0, 110, 352, 0, 0, 2.07%, 0, 0, 0, 327.81, 2852, 9083, 1.57%
1669879145, 0, 110, 353, 0, 0, 2.07%, 0, 0, 0, 266.67, 2873, 9142, 1.57%
1669879145, 0, 112, 353, 0, 0, 2.07%, 0, 0, 0, 330.00, 2901, 9213, 1.57%
1669879146, 0, 117, 353, 0, 0, 2.07%, 0, 0, 0, 353.33, 2924, 9296, 1.57%
1669879146, 0, 117, 355, 0, 0, 2.07%, 0, 0, 0, 260.00, 2950, 9348, 1.57%
1669879146, 0, 117, 358, 0, 0, 2.07%, 0, 0, 0, 196.67, 2966, 9391, 1.57%
1669879147, 0, 117, 360, 0, 0, 2.08%, 0, 0, 0, 266.67, 2993, 9444, 1.57%
1669879147, 0, 117, 361, 0, 0, 2.08%, 0, 0, 0, 373.77, 3015, 9536, 1.57%
1669879147, 0, 117, 363, 0, 0, 2.09%, 0, 0, 0, 241.72, 3035, 9589, 1.57%
1669879148, 0, 125, 365, 0, 0, 2.09%, 0, 0, 0, 313.33, 3059, 9659, 1.57%
1669879148, 0, 125, 368, 0, 0, 2.10%, 0, 0, 0, 330.00, 3088, 9729, 1.57%
1669879148, 0, 125, 368, 0, 0, 2.10%, 0, 0, 0, 263.01, 3115, 9798, 1.57%
1669879148, 0, 125, 369, 0, 0, 2.10%, 0, 0, 0, 230.00, 3134, 9848, 1.57%
1669879149, 0, 126, 370, 0, 0, 2.10%, 0, 0, 0, 318.94, 3161, 9917, 1.58%
1669879149, 0, 126, 371, 0, 0, 2.11%, 0, 0, 0, 303.33, 3193, 9976, 1.58%
1669879149, 0, 126, 371, 0, 0, 2.11%, 0, 0, 0, 248.47, 3221, 10029, 1.58%
1669879150, 0, 126, 373, 0, 0, 2.11%, 0, 0, 0, 275.41, 3252, 10082, 1.58%
1669879150, 0, 126, 373, 0, 0, 2.11%, 0, 0, 0, 316.67, 3281, 10148, 1.58%
1669879150, 0, 130, 376, 0, 0, 2.11%, 0, 0, 0, 566.67, 3300, 10299, 1.58%
1669879151, 0, 136, 378, 0, 0, 2.11%, 0, 0, 0, 430.00, 3327, 10401, 1.58%
1669879151, 0, 137, 379, 0, 0, 2.11%, 0, 0, 0, 349.67, 3359, 10476, 1.58%
1669879151, 0, 137, 379, 0, 0, 2.11%, 0, 0, 0, 348.68, 3385, 10556, 1.58%
1669879152, 0, 137, 379, 0, 0, 2.11%, 0, 0, 0, 382.06, 3416, 10640, 1.58%
1669879152, 0, 140, 379, 0, 0, 2.11%, 0, 0, 0, 323.33, 3440, 10713, 1.58%
1669879152, 0, 141, 379, 0, 0, 2.11%, 0, 0, 0, 506.67, 3461, 10844, 1.58%
1669879152, 0, 141, 379, 0, 0, 2.11%, 0, 0, 0, 356.67, 3492, 10920, 1.58%
1669879153, 0, 141, 379, 0, 0, 2.11%, 0, 0, 0, 320.00, 3527, 10981, 1.58%
1669879153, 0, 144, 380, 0, 0, 2.11%, 0, 0, 0, 375.00, 3559, 11063, 1.58%
1669879153, 0, 144, 382, 0, 0, 2.11%, 0, 0, 0, 286.18, 3592, 11117, 1.58%
1669879154, 0, 144, 384, 0, 0, 2.11%, 0, 0, 0, 273.93, 3625, 11167, 1.58%
1669879154, 0, 144, 385, 0, 0, 2.12%, 0, 0, 0, 415.84, 3655, 11263, 1.58%
1669879154, 0, 146, 386, 0, 0, 2.12%, 0, 0, 0, 390.00, 3679, 11356, 1.59%
1669879155, 0, 147, 386, 0, 0, 2.12%, 0, 0, 0, 326.67, 3703, 11430, 1.59%
1669879155, 0, 147, 386, 0, 0, 2.12%, 0, 0, 0, 312.70, 3730, 11499, 1.59%
1669879155, 0, 147, 386, 0, 0, 2.12%, 0, 0, 0, 372.94, 3764, 11578, 1.59%
1669879155, 0, 148, 387, 0, 0, 2.13%, 0, 0, 0, 239.48, 3785, 11631, 1.61%
1669879156, 0, 152, 387, 0, 0, 2.13%, 0, 0, 0, 380.79, 3803, 11728, 1.61%
1669879156, 0, 152, 387, 0, 0, 2.13%, 0, 0, 0, 305.65, 3829, 11794, 1.61%
1669879156, 0, 152, 390, 0, 0, 2.14%, 0, 0, 0, 262.46, 3852, 11850, 1.61%
1669879157, 0, 152, 391, 0, 0, 2.14%, 0, 0, 0, 316.67, 3876, 11921, 1.61%
1669879157, 0, 153, 391, 0, 0, 2.14%, 0, 0, 0, 298.01, 3897, 11990, 1.61%
1669879157, 0, 156, 397, 0, 0, 2.14%, 0, 0, 0, 576.16, 3907, 12154, 1.61%
1669879158, 0, 158, 398, 0, 0, 2.15%, 0, 0, 0, 368.77, 3925, 12247, 1.61%
1669879158, 0, 158, 398, 0, 0, 2.15%, 0, 0, 0, 259.14, 3947, 12303, 1.61%
1669879158, 0, 158, 398, 0, 0, 2.15%, 0, 0, 0, 192.69, 3971, 12337, 1.61%
1669879158, 0, 158, 399, 0, 0, 2.18%, 0, 0, 0, 185.67, 3987, 12378, 1.64%
1669879159, 0, 158, 399, 0, 0, 2.18%, 0, 0, 0, 331.17, 4009, 12458, 1.64%
1669879159, 0, 159, 400, 0, 0, 2.18%, 0, 0, 0, 346.67, 4043, 12528, 1.64%
1669879159, 0, 159, 400, 0, 0, 2.18%, 0, 0, 0, 419.67, 4075, 12624, 1.64%
1669879160, 0, 159, 401, 0, 0, 2.18%, 0, 0, 0, 321.54, 4102, 12697, 1.64%
1669879160, 0, 160, 402, 0, 0, 2.18%, 0, 0, 0, 416.67, 4130, 12794, 1.64%
1669879160, 0, 162, 402, 0, 0, 2.18%, 0, 0, 0, 423.33, 4155, 12896, 1.64%
1669879161, 0, 162, 403, 0, 0, 2.18%, 0, 0, 0, 323.33, 4181, 12967, 1.64%
1669879161, 0, 162, 403, 0, 0, 2.18%, 0, 0, 0, 293.33, 4213, 13023, 1.64%
1669879161, 0, 164, 403, 0, 0, 2.18%, 0, 0, 0, 417.22, 4245, 13117, 1.64%
1669879162, 0, 165, 403, 0, 0, 2.18%, 0, 0, 0, 366.67, 4277, 13195, 1.64%
1669879162, 0, 165, 404, 0, 0, 2.18%, 0, 0, 0, 388.89, 4306, 13285, 1.64%
1669879162, 0, 165, 404, 0, 0, 2.18%, 0, 0, 0, 323.33, 4328, 13360, 1.64%
1669879162, 0, 166, 405, 0, 0, 2.18%, 0, 0, 0, 382.17, 4361, 13447, 1.64%
1669879163, 0, 166, 406, 0, 0, 2.19%, 0, 0, 0, 296.67, 4384, 13513, 1.64%
1669879163, 0, 166, 406, 0, 0, 2.19%, 0, 0, 0, 388.70, 4407, 13607, 1.64%
1669879163, 0, 166, 406, 0, 0, 2.19%, 0, 0, 0, 264.90, 4435, 13659, 1.64%
1669879164, 0, 167, 406, 0, 0, 2.19%, 0, 0, 0, 339.93, 4462, 13735, 1.64%
1669879164, 0, 167, 408, 0, 0, 2.19%, 0, 0, 0, 370.49, 4489, 13821, 1.65%
1669879164, 0, 167, 408, 0, 0, 2.19%, 0, 0, 0, 455.15, 4510, 13937, 1.65%
1669879165, 0, 168, 409, 0, 0, 2.19%, 0, 0, 0, 321.31, 4537, 14008, 1.65%
1669879165, 0, 168, 410, 0, 0, 2.19%, 0, 0, 0, 259.14, 4557, 14066, 1.65%
1669879165, 0, 168, 410, 0, 0, 2.19%, 0, 0, 0, 84.99, 4570, 14083, 1.65%
1669879166, 0, 168, 410, 0, 0, 2.19%, 0, 0, 0, 83.60, 4585, 14094, 1.65%
1669879166, 0, 168, 410, 0, 0, 2.19%, 0, 0, 0, 113.33, 4598, 14115, 1.65%
1669879166, 0, 168, 411, 0, 0, 2.20%, 0, 0, 0, 264.03, 4617, 14176, 1.65%
1669879167, 0, 168, 411, 0, 0, 2.20%, 0, 0, 0, 134.09, 4638, 14214, 1.65%
1669879167, 0, 168, 412, 0, 0, 2.20%, 0, 0, 0, 98.04, 4646, 14236, 1.68%
1669879167, 0, 168, 412, 0, 0, 2.20%, 0, 0, 0, 42.90, 4649, 14246, 1.68%
1669879167, 0, 169, 413, 0, 0, 2.20%, 0, 0, 0, 96.35, 4657, 14267, 1.68%
1669879168, 0, 169, 413, 0, 0, 2.20%, 0, 0, 0, 221.50, 4680, 14312, 1.68%
1669879168, 0, 169, 413, 0, 0, 2.20%, 0, 0, 0, 288.08, 4710, 14369, 1.68%
1669879168, 0, 169, 413, 0, 0, 2.20%, 0, 0, 0, 280.53, 4735, 14429, 1.68%
1669879169, 0, 169, 413, 0, 0, 2.20%, 0, 0, 0, 123.33, 4746, 14455, 1.68%
1669879169, 0, 175, 415, 0, 0, 2.20%, 0, 0, 0, 356.67, 4768, 14540, 1.68%
1669879169, 0, 176, 416, 0, 0, 2.21%, 0, 0, 0, 306.67, 4794, 14606, 1.69%
1669879170, 0, 176, 416, 0, 0, 2.21%, 0, 0, 0, 259.14, 4820, 14658, 1.69%
1669879170, 0, 176, 416, 0, 0, 2.21%, 0, 0, 0, 366.67, 4842, 14746, 1.69%
1669879170, 0, 177, 417, 0, 0, 2.21%, 0, 0, 0, 294.50, 4869, 14810, 1.69%
1669879170, 0, 178, 419, 0, 0, 2.21%, 0, 0, 0, 460.00, 4887, 14930, 1.69%
1669879171, 0, 178, 419, 0, 0, 2.21%, 0, 0, 0, 245.90, 4905, 14987, 1.69%
1669879171, 0, 178, 420, 0, 0, 2.21%, 0, 0, 0, 333.33, 4930, 15062, 1.70%
1669879171, 0, 178, 420, 0, 0, 2.21%, 0, 0, 0, 296.67, 4958, 15123, 1.70%
1669879172, 0, 178, 420, 0, 0, 2.21%, 0, 0, 0, 296.67, 4980, 15190, 1.70%
1669879172, 0, 179, 421, 0, 0, 2.21%, 0, 0, 0, 222.59, 5004, 15233, 1.70%
1669879172, 0, 179, 421, 0, 0, 2.21%, 0, 0, 0, 336.67, 5031, 15307, 1.70%
1669879173, 0, 179, 421, 0, 0, 2.21%, 0, 0, 0, 365.45, 5057, 15391, 1.70%
1669879173, 0, 179, 422, 0, 0, 2.22%, 0, 0, 0, 285.71, 5085, 15449, 1.70%
1669879173, 0, 180, 422, 0, 0, 2.22%, 0, 0, 0, 146.18, 5098, 15480, 1.70%
1669879173, 0, 180, 422, 0, 0, 2.22%, 0, 0, 0, 279.07, 5117, 15545, 1.70%
1669879174, 0, 180, 422, 0, 0, 2.22%, 0, 0, 0, 362.13, 5143, 15628, 1.70%
1669879174, 0, 180, 422, 0, 0, 2.22%, 0, 0, 0, 353.70, 5167, 15714, 1.70%
1669879174, 0, 181, 422, 0, 0, 2.22%, 0, 0, 0, 306.93, 5195, 15779, 1.70%
1669879175, 0, 181, 422, 0, 0, 2.22%, 0, 0, 0, 300.00, 5217, 15847, 1.70%
1669879175, 0, 181, 422, 0, 0, 2.22%, 0, 0, 0, 370.86, 5244, 15932, 1.70%
1669879175, 0, 181, 422, 0, 0, 2.22%, 0, 0, 0, 298.01, 5271, 15995, 1.70%
1669879176, 0, 183, 422, 0, 0, 2.22%, 0, 0, 0, 198.14, 5290, 16061, 1.70%
1669879176, 0, 183, 422, 0, 0, 2.22%, 0, 0, 0, 148.51, 5301, 16095, 1.70%
1669879176, 0, 183, 422, 0, 0, 2.22%, 0, 0, 0, 104.92, 5316, 16112, 1.70%
1669879177, 0, 183, 423, 0, 0, 2.22%, 0, 0, 0, 326.80, 5347, 16181, 1.70%
1669879177, 0, 183, 423, 0, 0, 2.22%, 0, 0, 0, 120.13, 5357, 16208, 1.70%
1669879177, 0, 183, 423, 0, 0, 2.22%, 0, 0, 0, 110.75, 5371, 16228, 1.70%
1669879178, 0, 187, 423, 0, 0, 2.22%, 0, 0, 0, 216.67, 5386, 16278, 1.70%
1669879178, 0, 187, 423, 0, 0, 2.22%, 0, 0, 0, 350.00, 5418, 16351, 1.70%
1669879178, 0, 187, 424, 0, 0, 2.22%, 0, 0, 0, 330.00, 5451, 16417, 1.70%
1669879178, 0, 187, 426, 0, 0, 2.22%, 0, 0, 0, 430.00, 5482, 16515, 1.70%
1669879179, 0, 188, 426, 0, 0, 2.22%, 0, 0, 0, 363.04, 5512, 16595, 1.70%
1669879179, 0, 188, 426, 0, 0, 2.22%, 0, 0, 0, 221.20, 5534, 16669, 1.70%
1669879180, 0, 188, 426, 0, 0, 2.22%, 0, 0, 0, 180.00, 5545, 16712, 1.70%
1669879180, 0, 188, 426, 0, 0, 2.22%, 0, 0, 0, 273.62, 5571, 16770, 1.70%
1669879180, 0, 189, 426, 0, 0, 2.22%, 0, 0, 0, 357.38, 5603, 16847, 1.70%
1669879180, 0, 189, 426, 0, 0, 2.22%, 0, 0, 0, 303.33, 5632, 16909, 1.70%
1669879181, 0, 189, 427, 0, 0, 2.22%, 0, 0, 0, 333.33, 5660, 16981, 1.71%
1669879181, 0, 189, 427, 0, 0, 2.22%, 0, 0, 0, 238.41, 5680, 17033, 1.71%
1669879181, 0, 192, 428, 0, 0, 2.25%, 0, 0, 0, 362.75, 5701, 17123, 1.78%
1669879182, 0, 201, 429, 0, 0, 2.25%, 0, 0, 0, 425.25, 5718, 17234, 1.78%
1669879182, 0, 201, 430, 0, 0, 2.26%, 0, 0, 0, 287.13, 5750, 17289, 1.78%
1669879182, 0, 201, 430, 0, 0, 2.26%, 0, 0, 0, 370.00, 5784, 17366, 1.78%
1669879183, 0, 201, 430, 0, 0, 2.26%, 0, 0, 0, 364.24, 5814, 17446, 1.78%
1669879183, 0, 202, 431, 0, 0, 2.26%, 0, 0, 0, 343.23, 5844, 17520, 1.78%
1669879183, 0, 202, 431, 0, 0, 2.26%, 0, 0, 0, 280.00, 5872, 17576, 1.78%
1669879183, 0, 202, 431, 0, 0, 2.26%, 0, 0, 0, 341.94, 5900, 17654, 1.78%
1669879184, 0, 202, 431, 0, 0, 2.26%, 0, 0, 0, 270.00, 5920, 17715, 1.78%
1669879184, 0, 203, 431, 0, 0, 2.26%, 0, 0, 0, 305.92, 5949, 17779, 1.78%
1669879184, 0, 203, 431, 0, 0, 2.26%, 0, 0, 0, 230.26, 5972, 17826, 1.78%
1669879185, 0, 203, 431, 0, 0, 2.26%, 0, 0, 0, 249.18, 5992, 17882, 1.78%
1669879185, 0, 203, 431, 0, 0, 2.26%, 0, 0, 0, 376.67, 6017, 17970, 1.78%
1669879185, 0, 205, 431, 0, 0, 2.26%, 0, 0, 0, 376.67, 6048, 18052, 1.78%
1669879186, 0, 205, 431, 0, 0, 2.26%, 0, 0, 0, 349.83, 6080, 18126, 1.78%
1669879186, 0, 205, 431, 0, 0, 2.26%, 0, 0, 0, 403.97, 6105, 18223, 1.78%
1669879186, 0, 205, 431, 0, 0, 2.26%, 0, 0, 0, 310.46, 6137, 18286, 1.78%
1669879186, 0, 210, 432, 0, 0, 2.26%, 0, 0, 0, 208.20, 6160, 18329, 1.79%
1669879187, 0, 210, 432, 0, 0, 2.26%, 0, 0, 0, 209.30, 6180, 18372, 1.79%
1669879187, 0, 210, 432, 0, 0, 2.26%, 0, 0, 0, 206.45, 6199, 18417, 1.79%
1669879187, 0, 210, 432, 0, 0, 2.26%, 0, 0, 0, 94.77, 6206, 18439, 1.79%
1669879188, 0, 210, 432, 0, 0, 2.26%, 0, 0, 0, 318.94, 6223, 18518, 1.79%
1669879188, 0, 210, 432, 0, 0, 2.26%, 0, 0, 0, 235.48, 6242, 18572, 1.79%
1669879188, 0, 211, 432, 0, 0, 2.26%, 0, 0, 0, 272.73, 6269, 18629, 1.79%
1669879189, 0, 211, 433, 0, 0, 2.26%, 0, 0, 0, 320.00, 6293, 18701, 1.79%
1669879189, 0, 211, 433, 0, 0, 2.26%, 0, 0, 0, 235.29, 6315, 18751, 1.79%
1669879189, 0, 211, 434, 0, 0, 2.26%, 0, 0, 0, 252.49, 6338, 18804, 1.79%
1669879190, 0, 211, 435, 0, 0, 2.26%, 0, 0, 0, 303.33, 6355, 18878, 1.79%
1669879190, 0, 212, 435, 0, 0, 2.26%, 0, 0, 0, 210.00, 6374, 18922, 1.79%
1669879190, 0, 212, 435, 0, 0, 2.26%, 0, 0, 0, 347.68, 6403, 18998, 1.79%
1669879190, 0, 212, 435, 0, 0, 2.26%, 0, 0, 0, 313.53, 6439, 19057, 1.79%
1669879191, 0, 212, 435, 0, 0, 2.26%, 0, 0, 0, 177.05, 6456, 19094, 1.79%
1669879191, 0, 215, 436, 0, 0, 2.26%, 0, 0, 0, 265.57, 6479, 19152, 1.79%
1669879191, 0, 215, 437, 0, 0, 2.26%, 0, 0, 0, 172.19, 6497, 19186, 1.79%
1669879192, 0, 215, 437, 0, 0, 2.26%, 0, 0, 0, 94.77, 6509, 19203, 1.79%
1669879192, 0, 215, 437, 0, 0, 2.26%, 0, 0, 0, 220.00, 6520, 19258, 1.79%
1669879192, 0, 215, 437, 0, 0, 2.26%, 0, 0, 0, 205.30, 6538, 19302, 1.79%
1669879193, 0, 215, 437, 0, 0, 2.26%, 0, 0, 0, 121.05, 6550, 19336, 1.79%
1669879193, 0, 215, 437, 0, 0, 2.26%, 0, 0, 0, 153.33, 6564, 19368, 1.79%
1669879193, 0, 215, 437, 0, 0, 2.26%, 0, 0, 0, 216.67, 6587, 19410, 1.79%
1669879194, 0, 218, 437, 0, 0, 2.26%, 0, 0, 0, 328.90, 6613, 19483, 1.79%
1669879194, 0, 218, 437, 0, 0, 2.26%, 0, 0, 0, 210.36, 6633, 19528, 1.79%
1669879194, 0, 218, 437, 0, 0, 2.26%, 0, 0, 0, 268.21, 6656, 19586, 1.79%
1669879194, 0, 218, 437, 0, 0, 2.26%, 0, 0, 0, 186.27, 6674, 19625, 1.79%
1669879195, 0, 218, 438, 0, 0, 2.26%, 0, 0, 0, 175.72, 6688, 19666, 1.79%
1669879195, 0, 220, 439, 0, 0, 2.26%, 0, 0, 0, 373.33, 6708, 19758, 1.79%
1669879195, 0, 220, 441, 0, 0, 2.26%, 0, 0, 0, 350.00, 6734, 19837, 1.79%
1669879196, 0, 220, 441, 0, 0, 2.26%, 0, 0, 0, 231.02, 6765, 19876, 1.79%
1669879196, 0, 220, 442, 0, 0, 2.26%, 0, 0, 0, 216.67, 6788, 19918, 1.79%
1669879196, 0, 221, 443, 0, 0, 2.26%, 0, 0, 0, 383.33, 6815, 20006, 1.79%
1669879197, 0, 221, 443, 0, 0, 2.26%, 0, 0, 0, 201.92, 6829, 20055, 1.79%
1669879197, 0, 233, 444, 0, 0, 2.26%, 0, 0, 0, 465.12, 6847, 20177, 1.79%
1669879197, 0, 237, 446, 0, 0, 2.26%, 0, 0, 0, 353.14, 6872, 20259, 1.79%
1669879197, 0, 237, 447, 0, 0, 2.26%, 0, 0, 0, 402.60, 6899, 20356, 1.79%
1669879198, 0, 237, 447, 0, 0, 2.26%, 0, 0, 0, 218.65, 6923, 20400, 1.79%
1669879198, 0, 237, 447, 0, 0, 2.26%, 0, 0, 0, 323.33, 6952, 20468, 1.79%
1669879198, 0, 238, 447, 0, 0, 2.26%, 0, 0, 0, 259.14, 6983, 20515, 1.79%
1669879199, 0, 238, 447, 0, 0, 2.26%, 0, 0, 0, 259.74, 7007, 20571, 1.79%
1669879199, 0, 238, 447, 0, 0, 2.26%, 0, 0, 0, 320.00, 7034, 20640, 1.79%
1669879199, 0, 238, 447, 0, 0, 2.26%, 0, 0, 0, 270.70, 7067, 20692, 1.79%
1669879200, 0, 238, 447, 0, 0, 2.26%, 0, 0, 0, 280.53, 7095, 20749, 1.79%
1669879200, 0, 241, 447, 0, 0, 2.26%, 0, 0, 0, 401.99, 7125, 20840, 1.79%
1669879200, 0, 241, 448, 0, 0, 2.26%, 0, 0, 0, 363.33, 7155, 20919, 1.80%
1669879201, 0, 241, 448, 0, 0, 2.26%, 0, 0, 0, 270.00, 7179, 20976, 1.80%
1669879201, 0, 241, 448, 0, 0, 2.26%, 0, 0, 0, 318.94, 7205, 21046, 1.80%
1669879201, 0, 242, 448, 0, 0, 2.26%, 0, 0, 0, 383.33, 7232, 21134, 1.80%
1669879201, 0, 243, 448, 0, 0, 2.26%, 0, 0, 0, 440.00, 7256, 21242, 1.80%
1669879202, 0, 243, 448, 0, 0, 2.26%, 0, 0, 0, 310.00, 7277, 21314, 1.80%
1669879202, 0, 243, 448, 0, 0, 2.26%, 0, 0, 0, 266.67, 7310, 21361, 1.80%
1669879202, 0, 244, 448, 0, 0, 2.26%, 0, 0, 0, 343.14, 7340, 21436, 1.80%
1669879203, 0, 244, 449, 0, 0, 2.26%, 0, 0, 0, 297.03, 7368, 21498, 1.80%
1669879203, 0, 244, 450, 0, 0, 2.27%, 0, 0, 0, 338.66, 7405, 21567, 1.80%
1669879203, 0, 244, 450, 0, 0, 2.27%, 0, 0, 0, 316.83, 7440, 21628, 1.80%
1669879204, 0, 245, 450, 0, 0, 2.27%, 0, 0, 0, 305.92, 7472, 21689, 1.80%
1669879204, 0, 245, 450, 0, 0, 2.27%, 0, 0, 0, 330.00, 7505, 21755, 1.80%
1669879204, 0, 245, 450, 0, 0, 2.27%, 0, 0, 0, 450.00, 7542, 21853, 1.80%
1669879204, 0, 247, 450, 0, 0, 2.27%, 0, 0, 0, 382.06, 7571, 21939, 1.80%
1669879205, 0, 247, 450, 0, 0, 2.27%, 0, 0, 0, 418.60, 7603, 22033, 1.80%
1669879205, 0, 247, 450, 0, 0, 2.27%, 0, 0, 0, 356.44, 7645, 22099, 1.80%
1669879205, 0, 248, 450, 0, 0, 2.27%, 0, 0, 0, 413.33, 7677, 22191, 1.80%
1669879206, 0, 251, 451, 0, 0, 2.27%, 0, 0, 0, 396.67, 7706, 22281, 1.80%
1669879206, 0, 251, 451, 0, 0, 2.27%, 0, 0, 0, 393.33, 7743, 22362, 1.80%
1669879206, 0, 251, 451, 0, 0, 2.27%, 0, 0, 0, 448.50, 7781, 22459, 1.80%
1669879207, 0, 252, 451, 0, 0, 2.27%, 0, 0, 0, 435.19, 7816, 22565, 1.80%
1669879207, 0, 252, 451, 0, 0, 2.27%, 0, 0, 0, 404.61, 7847, 22657, 1.80%
1669879207, 0, 252, 451, 0, 0, 2.27%, 0, 0, 0, 322.26, 7873, 22728, 1.80%
1669879207, 0, 255, 451, 0, 0, 2.27%, 0, 0, 0, 488.45, 7905, 22844, 1.80%
1669879208, 0, 258, 455, 0, 0, 2.27%, 0, 0, 0, 640.26, 7928, 23015, 1.80%
1669879208, 0, 258, 455, 0, 0, 2.27%, 0, 0, 0, 376.67, 7966, 23090, 1.80%
1669879208, 0, 258, 455, 0, 0, 2.27%, 0, 0, 0, 357.62, 8003, 23161, 1.80%
1669879209, 0, 258, 455, 0, 0, 2.27%, 0, 0, 0, 372.94, 8040, 23237, 1.80%
1669879209, 0, 259, 455, 0, 0, 2.27%, 0, 0, 0, 441.86, 8072, 23338, 1.80%
1669879209, 0, 259, 456, 0, 0, 2.27%, 0, 0, 0, 536.67, 8099, 23472, 1.80%
1669879210, 0, 261, 457, 0, 0, 2.27%, 0, 0, 0, 393.33, 8135, 23554, 1.80%
1669879210, 0, 261, 457, 0, 0, 2.27%, 0, 0, 0, 380.00, 8168, 23635, 1.80%
1669879210, 0, 261, 458, 0, 0, 2.27%, 0, 0, 0, 432.34, 8197, 23737, 1.80%
1669879211, 0, 262, 458, 0, 0, 2.27%, 0, 0, 0, 290.85, 8229, 23794, 1.80%
1669879211, 0, 262, 458, 0, 0, 2.27%, 0, 0, 0, 396.67, 8264, 23878, 1.80%
1669879211, 0, 262, 458, 0, 0, 2.27%, 0, 0, 0, 356.44, 8306, 23944, 1.80%
1669879211, 0, 263, 458, 0, 0, 2.27%, 0, 0, 0, 510.00, 8339, 24064, 1.80%
1669879212, 0, 266, 459, 0, 0, 2.28%, 0, 0, 0, 430.00, 8372, 24160, 1.81%
1669879212, 0, 266, 460, 0, 0, 2.28%, 0, 0, 0, 390.73, 8404, 24246, 1.81%
1669879212, 0, 267, 461, 0, 0, 2.29%, 0, 0, 0, 393.33, 8440, 24328, 1.81%
1669879213, 0, 269, 461, 0, 0, 2.29%, 0, 0, 0, 495.08, 8469, 24450, 1.81%
1669879213, 0, 269, 462, 0, 0, 2.43%, 0, 0, 0, 261.68, 8501, 24502, 1.97%
1669879213, 0, 269, 462, 0, 0, 2.43%, 0, 0, 0, 302.33, 8528, 24566, 1.97%
1669879214, 0, 273, 462, 0, 0, 2.43%, 0, 0, 0, 405.84, 8557, 24662, 1.97%
1669879214, 0, 273, 462, 0, 0, 2.43%, 0, 0, 0, 488.45, 8579, 24788, 1.97%
1669879214, 0, 276, 462, 0, 0, 2.43%, 0, 0, 0, 569.54, 8607, 24932, 1.97%
1669879214, 0, 276, 462, 0, 0, 2.43%, 0, 0, 0, 373.33, 8642, 25009, 1.97%
1669879215, 0, 276, 462, 0, 0, 2.43%, 0, 0, 0, 356.44, 8680, 25079, 1.97%
1669879215, 0, 277, 463, 0, 0, 2.43%, 0, 0, 0, 368.77, 8718, 25152, 1.97%
1669879215, 0, 277, 466, 0, 0, 2.43%, 0, 0, 0, 229.24, 8749, 25190, 1.97%
1669879216, 0, 277, 468, 0, 0, 2.44%, 0, 0, 0, 220.00, 8780, 25225, 1.97%
1669879216, 0, 277, 468, 0, 0, 2.44%, 0, 0, 0, 296.67, 8817, 25277, 1.97%
1669879216, 0, 284, 469, 0, 0, 2.44%, 0, 0, 0, 455.74, 8849, 25384, 1.97%
1669879217, 0, 284, 469, 0, 0, 2.44%, 0, 0, 0, 422.95, 8874, 25488, 1.97%
1669879217, 0, 284, 469, 0, 0, 2.44%, 0, 0, 0, 408.64, 8896, 25589, 1.97%
1669879217, 0, 285, 470, 0, 0, 2.44%, 0, 0, 0, 433.33, 8922, 25693, 1.97%
1669879217, 0, 288, 471, 0, 0, 2.44%, 0, 0, 0, 553.33, 8942, 25839, 1.97%
1669879218, 0, 288, 471, 0, 0, 2.44%, 0, 0, 0, 375.42, 8968, 25926, 1.97%
1669879218, 0, 288, 472, 0, 0, 2.44%, 0, 0, 0, 332.24, 9005, 25990, 1.97%
1669879218, 0, 290, 475, 0, 0, 2.44%, 0, 0, 0, 627.06, 9030, 26155, 1.97%
1669879219, 0, 290, 475, 0, 0, 2.44%, 0, 0, 0, 186.67, 9044, 26197, 1.97%
1669879219, 0, 290, 476, 0, 0, 2.44%, 0, 0, 0, 151.42, 9058, 26231, 1.97%
1669879219, 0, 290, 476, 0, 0, 2.44%, 0, 0, 0, 151.32, 9071, 26264, 1.97%
1669879220, 0, 290, 476, 0, 0, 2.44%, 0, 0, 0, 189.37, 9082, 26310, 1.97%
1669879220, 0, 293, 478, 0, 0, 2.44%, 0, 0, 0, 400.00, 9111, 26401, 1.98%
1669879220, 0, 295, 478, 0, 0, 2.44%, 0, 0, 0, 316.83, 9139, 26469, 1.98%
1669879221, 0, 295, 478, 0, 0, 2.44%, 0, 0, 0, 410.60, 9173, 26559, 1.98%
1669879221, 0, 296, 478, 0, 0, 2.44%, 0, 0, 0, 480.00, 9204, 26672, 1.98%
1669879221, 0, 297, 479, 0, 0, 2.44%, 0, 0, 0, 465.12, 9238, 26778, 1.98%
1669879221, 0, 297, 479, 0, 0, 2.44%, 0, 0, 0, 385.38, 9273, 26859, 1.98%
1669879222, 0, 297, 479, 0, 0, 2.44%, 0, 0, 0, 306.93, 9304, 26921, 1.98%
1669879222, 0, 298, 479, 0, 0, 2.44%, 0, 0, 0, 327.87, 9332, 26993, 1.98%
1669879222, 0, 298, 480, 0, 0, 2.45%, 0, 0, 0, 376.67, 9362, 27076, 1.99%
1669879223, 0, 298, 480, 0, 0, 2.45%, 0, 0, 0, 313.33, 9386, 27146, 1.99%
1669879223, 0, 299, 480, 0, 0, 2.45%, 0, 0, 0, 380.00, 9414, 27232, 1.99%
1669879223, 0, 299, 480, 0, 0, 2.45%, 0, 0, 0, 346.53, 9448, 27303, 1.99%
1669879224, 0, 299, 480, 0, 0, 2.45%, 0, 0, 0, 362.13, 9484, 27376, 1.99%
1669879224, 0, 301, 480, 0, 0, 2.45%, 0, 0, 0, 346.53, 9514, 27451, 1.99%
1669879224, 0, 301, 480, 0, 0, 2.45%, 0, 0, 0, 246.75, 9539, 27502, 1.99%
1669879224, 0, 301, 480, 0, 0, 2.45%, 0, 0, 0, 217.11, 9563, 27544, 1.99%
1669879225, 0, 301, 480, 0, 0, 2.45%, 0, 0, 0, 69.08, 9569, 27559, 1.99%
1669879225, 0, 301, 480, 0, 0, 2.45%, 0, 0, 0, 62.71, 9575, 27572, 1.99%
1669879225, 0, 301, 480, 0, 0, 2.45%, 0, 0, 0, 149.21, 9592, 27602, 1.99%
1669879226, 0, 301, 480, 0, 0, 2.45%, 0, 0, 0, 130.72, 9601, 27633, 1.99%
1669879226, 0, 304, 480, 0, 0, 2.45%, 0, 0, 0, 242.81, 9625, 27685, 1.99%
1669879226, 0, 304, 480, 0, 0, 2.45%, 0, 0, 0, 303.33, 9655, 27746, 1.99%
1669879227, 0, 304, 480, 0, 0, 2.45%, 0, 0, 0, 179.40, 9675, 27780, 1.99%
1669879227, 0, 304, 480, 0, 0, 2.45%, 0, 0, 0, 380.79, 9705, 27865, 1.99%
1669879227, 0, 306, 480, 0, 0, 2.45%, 0, 0, 0, 291.80, 9734, 27925, 1.99%
1669879227, 0, 306, 480, 0, 0, 2.45%, 0, 0, 0, 253.33, 9753, 27982, 1.99%
1669879228, 0, 306, 480, 0, 0, 2.45%, 0, 0, 0, 276.67, 9777, 28041, 1.99%
1669879228, 0, 306, 480, 0, 0, 2.45%, 0, 0, 0, 288.96, 9805, 28102, 1.99%
1669879228, 0, 309, 480, 0, 0, 2.45%, 0, 0, 0, 422.44, 9829, 28206, 1.99%
1669879229, 0, 309, 480, 0, 0, 2.45%, 0, 0, 0, 340.00, 9857, 28280, 1.99%
1669879229, 0, 309, 480, 0, 0, 2.45%, 0, 0, 0, 307.21, 9888, 28347, 1.99%
1669879229, 0, 309, 480, 0, 0, 2.45%, 0, 0, 0, 224.76, 9912, 28392, 1.99%
1669879230, 0, 309, 480, 0, 0, 2.45%, 0, 0, 0, 106.67, 9923, 28413, 1.99%
1669879230, 0, 313, 480, 0, 0, 2.45%, 0, 0, 0, 128.14, 9933, 28454, 1.99%
1669879230, 0, 314, 481, 0, 0, 2.45%, 0, 0, 0, 134.43, 9945, 28483, 2.01%
1669879231, 0, 314, 481, 0, 0, 2.45%, 0, 0, 0, 158.42, 9956, 28520, 2.01%
1669879231, 0, 314, 481, 0, 0, 2.45%, 0, 0, 0, 143.33, 9969, 28550, 2.01%
1669879231, 0, 314, 481, 0, 0, 2.45%, 0, 0, 0, 77.26, 9976, 28578, 2.01%
1669879232, 0, 314, 481, 0, 0, 2.45%, 0, 0, 0, 96.77, 9983, 28604, 2.01%
1669879232, 0, 314, 481, 0, 0, 2.45%, 0, 0, 0, 86.96, 9992, 28623, 2.01%
1669879232, 0, 314, 481, 0, 0, 2.45%, 0, 0, 0, 121.55, 10001, 28658, 2.01%
1669879233, 0, 314, 481, 0, 0, 2.45%, 0, 0, 0, 120.13, 10012, 28684, 2.01%
1669879233, 0, 314, 481, 0, 0, 2.45%, 0, 0, 0, 144.62, 10023, 28720, 2.01%
1669879233, 0, 317, 482, 0, 0, 2.45%, 0, 0, 0, 289.04, 10027, 28803, 2.01%
1669879234, 0, 318, 483, 0, 0, 2.45%, 0, 0, 0, 256.33, 10032, 28879, 2.01%
1669879234, 0, 319, 483, 0, 0, 2.45%, 0, 0, 0, 162.01, 10033, 28936, 2.01%
1669879234, 0, 321, 486, 0, 0, 2.46%, 0, 0, 0, 116.28, 10040, 28964, 2.01%
1669879235, 0, 321, 486, 0, 0, 2.46%, 0, 0, 0, 72.56, 10052, 28984, 2.01%
1669879235, 0, 321, 486, 0, 0, 2.46%, 0, 0, 0, 90.00, 10062, 29001, 2.01%
1669879235, 0, 321, 486, 0, 0, 2.46%, 0, 0, 0, 203.28, 10083, 29042, 2.01%
1669879236, 0, 321, 486, 0, 0, 2.46%, 0, 0, 0, 98.93, 10096, 29066, 2.01%
1669879236, 0, 321, 486, 0, 0, 2.46%, 0, 0, 0, 226.54, 10113, 29119, 2.01%
1669879236, 0, 321, 486, 0, 0, 2.46%, 0, 0, 0, 169.87, 10127, 29158, 2.01%
1669879237, 0, 322, 486, 0, 0, 2.46%, 0, 0, 0, 225.91, 10135, 29218, 2.01%
1669879237, 0, 323, 487, 0, 0, 2.46%, 0, 0, 0, 125.83, 10141, 29250, 2.01%
1669879237, 0, 323, 487, 0, 0, 2.46%, 0, 0, 0, 150.00, 10157, 29279, 2.01%
1669879238, 0, 323, 487, 0, 0, 2.46%, 0, 0, 0, 116.50, 10170, 29302, 2.01%
1669879238, 0, 323, 488, 0, 0, 2.46%, 0, 0, 0, 192.05, 10187, 29343, 2.01%
1669879238, 0, 323, 489, 0, 0, 2.46%, 0, 0, 0, 98.68, 10195, 29365, 2.01%
1669879238, 0, 323, 489, 0, 0, 2.46%, 0, 0, 0, 130.00, 10204, 29395, 2.01%
1669879239, 0, 323, 490, 0, 0, 2.46%, 0, 0, 0, 134.43, 10212, 29428, 2.01%
1669879239, 0, 323, 490, 0, 0, 2.46%, 0, 0, 0, 88.82, 10218, 29449, 2.01%
1669879239, 0, 324, 490, 0, 0, 2.46%, 0, 0, 0, 193.55, 10238, 29489, 2.01%
1669879240, 0, 324, 490, 0, 0, 2.46%, 0, 0, 0, 189.19, 10257, 29533, 2.01%
1669879240, 0, 324, 490, 0, 0, 2.46%, 0, 0, 0, 42.62, 10261, 29542, 2.01%
1669879240, 0, 324, 490, 0, 0, 2.46%, 0, 0, 0, 44.27, 10267, 29553, 2.01%
1669879241, 0, 324, 490, 0, 0, 2.46%, 0, 0, 0, 63.12, 10272, 29567, 2.01%
1669879241, 0, 324, 490, 0, 0, 2.46%, 0, 0, 0, 88.15, 10282, 29589, 2.01%
1669879241, 0, 324, 490, 0, 0, 2.46%, 0, 0, 0, 45.58, 10288, 29599, 2.01%
1669879242, 0, 324, 490, 0, 0, 2.46%, 0, 0, 0, 36.83, 10294, 29606, 2.01%
1669879242, 0, 324, 490, 0, 0, 2.46%, 0, 0, 0, 97.48, 10301, 29630, 2.01%
1669879242, 0, 324, 490, 0, 0, 2.46%, 0, 0, 0, 132.26, 10314, 29658, 2.01%
1669879243, 0, 324, 490, 0, 0, 2.46%, 0, 0, 0, 74.19, 10324, 29671, 2.01%
1669879243, 0, 325, 490, 0, 0, 2.46%, 0, 0, 0, 203.33, 10340, 29716, 2.01%
1669879243, 0, 328, 491, 0, 0, 2.46%, 0, 0, 0, 130.70, 10347, 29752, 2.01%
1669879244, 0, 328, 491, 0, 0, 2.46%, 0, 0, 0, 250.00, 10363, 29811, 2.01%
1669879244, 0, 328, 491, 0, 0, 2.46%, 0, 0, 0, 160.00, 10381, 29841, 2.01%
1669879244, 0, 328, 491, 0, 0, 2.46%, 0, 0, 0, 176.08, 10397, 29878, 2.01%
1669879245, 0, 328, 491, 0, 0, 2.46%, 0, 0, 0, 205.79, 10424, 29915, 2.01%
1669879245, 0, 328, 491, 0, 0, 2.46%, 0, 0, 0, 236.67, 10449, 29961, 2.01%
1669879245, 0, 329, 491, 0, 0, 2.46%, 0, 0, 0, 250.00, 10471, 30014, 2.01%
1669879245, 0, 329, 491, 0, 0, 2.46%, 0, 0, 0, 155.34, 10483, 30050, 2.01%
1669879246, 0, 329, 491, 0, 0, 2.46%, 0, 0, 0, 324.50, 10512, 30119, 2.01%
1669879246, 0, 329, 491, 0, 0, 2.46%, 0, 0, 0, 241.72, 10534, 30170, 2.01%
1669879246, 0, 330, 491, 0, 0, 2.46%, 0, 0, 0, 199.34, 10556, 30208, 2.01%
1669879247, 0, 330, 491, 0, 0, 2.46%, 0, 0, 0, 143.33, 10570, 30237, 2.01%
1669879247, 0, 330, 491, 0, 0, 2.46%, 0, 0, 0, 205.13, 10588, 30283, 2.01%
1669879247, 0, 330, 491, 0, 0, 2.46%, 0, 0, 0, 233.33, 10610, 30331, 2.01%
1669879248, 0, 330, 491, 0, 0, 2.46%, 0, 0, 0, 193.44, 10633, 30367, 2.01%
1669879248, 0, 332, 492, 0, 0, 2.46%, 0, 0, 0, 451.30, 10666, 30473, 2.01%
1669879248, 0, 332, 493, 0, 0, 2.46%, 0, 0, 0, 349.67, 10689, 30557, 2.01%
1669879249, 0, 332, 494, 0, 0, 2.46%, 0, 0, 0, 353.33, 10707, 30645, 2.02%
1669879249, 0, 334, 494, 0, 0, 2.46%, 0, 0, 0, 358.80, 10718, 30742, 2.02%
1669879249, 0, 338, 494, 0, 0, 2.46%, 0, 0, 0, 330.13, 10734, 30829, 2.02%
1669879249, 0, 338, 494, 0, 0, 2.46%, 0, 0, 0, 207.24, 10753, 30873, 2.02%
1669879250, 0, 338, 494, 0, 0, 2.46%, 0, 0, 0, 346.67, 10781, 30949, 2.02%
1669879250, 0, 338, 494, 0, 0, 2.46%, 0, 0, 0, 379.08, 10809, 31037, 2.02%
1669879250, 0, 342, 494, 0, 0, 2.46%, 0, 0, 0, 233.77, 10824, 31094, 2.02%
1669879251, 0, 342, 494, 0, 0, 2.46%, 0, 0, 0, 296.42, 10841, 31168, 2.02%
1669879251, 0, 343, 494, 0, 0, 2.46%, 0, 0, 0, 386.67, 10875, 31250, 2.02%
1669879251, 0, 343, 494, 0, 0, 2.46%, 0, 0, 0, 393.33, 10900, 31343, 2.02%
1669879252, 0, 343, 494, 0, 0, 2.46%, 0, 0, 0, 366.67, 10926, 31427, 2.02%
1669879252, 0, 345, 496, 0, 0, 2.47%, 0, 0, 0, 302.93, 10947, 31499, 2.02%
1669879252, 0, 345, 496, 0, 0, 2.47%, 0, 0, 0, 242.52, 10969, 31550, 2.02%
1669879252, 0, 345, 496, 0, 0, 2.47%, 0, 0, 0, 145.63, 10985, 31579, 2.02%
1669879253, 0, 345, 496, 0, 0, 2.47%, 0, 0, 0, 366.67, 11015, 31659, 2.02%
1669879253, 0, 345, 497, 0, 0, 2.47%, 0, 0, 0, 330.03, 11042, 31732, 2.02%
1669879253, 0, 346, 497, 0, 0, 2.47%, 0, 0, 0, 269.74, 11058, 31798, 2.02%
1669879254, 0, 346, 497, 0, 0, 2.47%, 0, 0, 0, 222.59, 11073, 31850, 2.02%
1669879254, 0, 346, 498, 0, 0, 2.47%, 0, 0, 0, 284.21, 11101, 31930, 2.02%
1669879254, 0, 346, 498, 0, 0, 2.47%, 0, 0, 0, 330.00, 11125, 32005, 2.02%
1669879255, 0, 347, 500, 0, 0, 2.48%, 0, 0, 0, 213.33, 11139, 32055, 2.02%
1669879255, 0, 347, 500, 0, 0, 2.48%, 0, 0, 0, 376.67, 11169, 32138, 2.02%
1669879255, 0, 347, 501, 0, 0, 2.48%, 0, 0, 0, 348.84, 11193, 32219, 2.02%
1669879256, 0, 347, 501, 0, 0, 2.48%, 0, 0, 0, 406.67, 11221, 32313, 2.02%
1669879256, 0, 354, 501, 0, 0, 2.48%, 0, 0, 0, 354.30, 11247, 32394, 2.02%
1669879256, 0, 354, 501, 0, 0, 2.48%, 0, 0, 0, 326.67, 11268, 32471, 2.02%
1669879256, 0, 354, 501, 0, 0, 2.48%, 0, 0, 0, 275.75, 11295, 32527, 2.02%
1669879257, 0, 354, 501, 0, 0, 2.48%, 0, 0, 0, 232.26, 11318, 32576, 2.02%
1669879257, 0, 354, 501, 0, 0, 2.48%, 0, 0, 0, 184.47, 11336, 32615, 2.02%
1669879257, 0, 359, 501, 0, 0, 2.48%, 0, 0, 0, 380.00, 11363, 32702, 2.02%
1669879258, 0, 359, 501, 0, 0, 2.48%, 0, 0, 0, 341.06, 11394, 32774, 2.02%
1669879258, 0, 359, 501, 0, 0, 2.48%, 0, 0, 0, 330.10, 11419, 32851, 2.02%
1669879258, 0, 359, 502, 0, 0, 2.48%, 0, 0, 0, 156.67, 11430, 32887, 2.02%
1669879259, 0, 359, 502, 0, 0, 2.48%, 0, 0, 0, 123.12, 11435, 32923, 2.02%
1669879259, 0, 360, 503, 0, 0, 2.48%, 0, 0, 0, 166.67, 11446, 32962, 2.02%
1669879259, 0, 361, 503, 0, 0, 2.48%, 0, 0, 0, 225.17, 11455, 33021, 2.02%
1669879260, 0, 364, 503, 0, 0, 2.48%, 0, 0, 0, 265.78, 11470, 33086, 2.02%
1669879260, 0, 364, 503, 0, 0, 2.48%, 0, 0, 0, 230.26, 11480, 33146, 2.02%
1669879260, 0, 365, 504, 0, 0, 2.48%, 0, 0, 0, 65.16, 11486, 33163, 2.02%
1669879260, 0, 367, 504, 0, 0, 2.48%, 0, 0, 0, 107.49, 11493, 33189, 2.02%
1669879261, 0, 367, 504, 0, 0, 2.48%, 0, 0, 0, 39.34, 11500, 33194, 2.02%
1669879261, 0, 367, 504, 0, 0, 2.48%, 0, 0, 0, 130.75, 11509, 33239, 2.02%
1669879262, 0, 367, 504, 0, 0, 2.48%, 0, 0, 0, 81.40, 11517, 33259, 2.02%
1669879262, 0, 367, 504, 0, 0, 2.48%, 0, 0, 0, 220.00, 11536, 33306, 2.02%
1669879262, 0, 367, 504, 0, 0, 2.48%, 0, 0, 0, 113.37, 11544, 33337, 2.02%
1669879262, 0, 367, 504, 0, 0, 2.48%, 0, 0, 0, 155.12, 11558, 33370, 2.02%
1669879263, 0, 367, 504, 0, 0, 2.48%, 0, 0, 0, 185.06, 11576, 33409, 2.02%
1669879263, 0, 368, 504, 0, 0, 2.48%, 0, 0, 0, 128.29, 11581, 33443, 2.02%
1669879264, 0, 369, 504, 0, 0, 2.48%, 0, 0, 0, 96.53, 11587, 33476, 2.02%
1669879264, 0, 369, 504, 0, 0, 2.48%, 0, 0, 0, 199.34, 11599, 33524, 2.02%
1669879264, 0, 369, 504, 0, 0, 2.48%, 0, 0, 0, 335.55, 11619, 33605, 2.02%
1669879264, 0, 369, 504, 0, 0, 2.48%, 0, 0, 0, 357.62, 11642, 33690, 2.02%
1669879265, 0, 370, 504, 0, 0, 2.48%, 0, 0, 0, 239.20, 11662, 33742, 2.02%
1669879265, 0, 377, 504, 0, 0, 2.48%, 0, 0, 0, 446.67, 11687, 33851, 2.02%
1669879265, 0, 377, 504, 0, 0, 2.48%, 0, 0, 0, 370.00, 11713, 33936, 2.02%
1669879266, 0, 377, 504, 0, 0, 2.48%, 0, 0, 0, 386.67, 11744, 34021, 2.02%
1669879266, 0, 378, 505, 0, 0, 2.48%, 0, 0, 0, 286.18, 11774, 34078, 2.02%
1669879266, 0, 378, 506, 0, 0, 2.48%, 0, 0, 0, 335.53, 11805, 34149, 2.02%
1669879267, 0, 378, 506, 0, 0, 2.48%, 0, 0, 0, 363.33, 11839, 34224, 2.02%
1669879267, 0, 379, 507, 0, 0, 2.48%, 0, 0, 0, 371.71, 11873, 34303, 2.02%
1669879267, 0, 379, 507, 0, 0, 2.48%, 0, 0, 0, 403.97, 11907, 34391, 2.02%
1669879267, 0, 379, 508, 0, 0, 2.49%, 0, 0, 0, 456.67, 11936, 34499, 2.02%
1669879268, 0, 381, 509, 0, 0, 2.49%, 0, 0, 0, 357.62, 11966, 34577, 2.02%
1669879268, 0, 381, 509, 0, 0, 2.49%, 0, 0, 0, 350.00, 12004, 34644, 2.02%
1669879268, 0, 381, 510, 0, 0, 2.49%, 0, 0, 0, 376.67, 12041, 34720, 2.03%
1669879269, 0, 385, 510, 0, 0, 2.49%, 0, 0, 0, 452.15, 12076, 34822, 2.03%
1669879269, 0, 385, 510, 0, 0, 2.49%, 0, 0, 0, 324.92, 12108, 34893, 2.03%
1669879269, 0, 385, 510, 0, 0, 2.49%, 0, 0, 0, 366.34, 12144, 34968, 2.03%
1669879270, 0, 386, 510, 0, 0, 2.49%, 0, 0, 0, 452.46, 12178, 35072, 2.03%
1669879270, 0, 386, 510, 0, 0, 2.49%, 0, 0, 0, 458.33, 12205, 35188, 2.03%
1669879270, 0, 387, 510, 0, 0, 2.49%, 0, 0, 0, 500.00, 12235, 35309, 2.03%
1669879270, 0, 387, 510, 0, 0, 2.49%, 0, 0, 0, 416.67, 12270, 35399, 2.03%
1669879271, 0, 387, 511, 0, 0, 2.49%, 0, 0, 0, 386.14, 12308, 35478, 2.03%
1669879271, 0, 389, 511, 0, 0, 2.49%, 0, 0, 0, 378.74, 12346, 35554, 2.03%
1669879271, 0, 389, 511, 0, 0, 2.49%, 0, 0, 0, 357.62, 12379, 35629, 2.03%
1669879272, 0, 390, 511, 0, 0, 2.49%, 0, 0, 0, 413.33, 12407, 35725, 2.03%
1669879272, 0, 390, 511, 0, 0, 2.49%, 0, 0, 0, 393.33, 12437, 35813, 2.03%
1669879272, 0, 390, 511, 0, 0, 2.49%, 0, 0, 0, 316.67, 12477, 35868, 2.03%
1669879273, 0, 393, 511, 0, 0, 2.49%, 0, 0, 0, 530.00, 12507, 35997, 2.03%
1669879273, 0, 398, 512, 0, 0, 2.49%, 0, 0, 0, 580.86, 12531, 36149, 2.03%
1669879273, 0, 398, 512, 0, 0, 2.49%, 0, 0, 0, 441.86, 12565, 36248, 2.03%
1669879273, 0, 398, 512, 0, 0, 2.49%, 0, 0, 0, 430.00, 12600, 36342, 2.03%
1669879274, 0, 402, 512, 0, 0, 2.49%, 0, 0, 0, 426.23, 12636, 36436, 2.03%
1669879274, 0, 402, 512, 0, 0, 2.49%, 0, 0, 0, 380.00, 12666, 36520, 2.03%
1669879274, 0, 402, 512, 0, 0, 2.49%, 0, 0, 0, 417.22, 12699, 36613, 2.03%
1669879275, 0, 402, 512, 0, 0, 2.49%, 0, 0, 0, 321.31, 12727, 36683, 2.03%
1669879275, 0, 407, 513, 0, 0, 2.49%, 0, 0, 0, 506.67, 12751, 36811, 2.03%
1669879275, 0, 407, 513, 0, 0, 2.49%, 0, 0, 0, 456.67, 12785, 36914, 2.03%
1669879276, 0, 407, 513, 0, 0, 2.49%, 0, 0, 0, 396.67, 12822, 36996, 2.03%
1669879276, 0, 408, 513, 0, 0, 2.49%, 0, 0, 0, 426.23, 12857, 37091, 2.03%
1669879276, 0, 408, 513, 0, 0, 2.49%, 0, 0, 0, 436.07, 12895, 37186, 2.03%
1669879277, 0, 408, 513, 0, 0, 2.49%, 0, 0, 0, 307.95, 12927, 37247, 2.03%
1669879277, 0, 411, 514, 0, 0, 2.49%, 0, 0, 0, 495.05, 12961, 37363, 2.03%
1669879277, 0, 411, 515, 0, 0, 2.49%, 0, 0, 0, 366.67, 12989, 37445, 2.03%
1669879277, 0, 411, 515, 0, 0, 2.49%, 0, 0, 0, 425.25, 13024, 37538, 2.03%
1669879278, 0, 411, 515, 0, 0, 2.49%, 0, 0, 0, 350.00, 13060, 37607, 2.03%
1669879278, 0, 412, 516, 0, 0, 2.50%, 0, 0, 0, 420.00, 13091, 37702, 2.04%
1669879278, 0, 412, 518, 0, 0, 2.50%, 0, 0, 0, 346.53, 13121, 37777, 2.05%
1669879279, 0, 412, 518, 0, 0, 2.50%, 0, 0, 0, 326.73, 13155, 37842, 2.05%
1669879279, 0, 413, 519, 0, 0, 2.50%, 0, 0, 0, 322.37, 13185, 37910, 2.05%
1669879279, 0, 413, 519, 0, 0, 2.50%, 0, 0, 0, 296.67, 13217, 37967, 2.05%
1669879280, 0, 413, 519, 0, 0, 2.50%, 0, 0, 0, 333.33, 13252, 38032, 2.05%
1669879280, 0, 413, 519, 0, 0, 2.50%, 0, 0, 0, 356.67, 13280, 38111, 2.05%
1669879280, 0, 414, 519, 0, 0, 2.50%, 0, 0, 0, 465.12, 13305, 38226, 2.05%
1669879280, 0, 415, 520, 0, 0, 2.51%, 0, 0, 0, 355.26, 13329, 38310, 2.05%
1669879281, 0, 415, 520, 0, 0, 2.51%, 0, 0, 0, 433.77, 13356, 38414, 2.05%
1669879281, 0, 415, 520, 0, 0, 2.51%, 0, 0, 0, 333.33, 13387, 38484, 2.05%
1669879281, 0, 416, 520, 0, 0, 2.51%, 0, 0, 0, 276.67, 13415, 38539, 2.05%
1669879282, 0, 416, 520, 0, 0, 2.51%, 0, 0, 0, 172.32, 13432, 38583, 2.05%
1669879282, 0, 416, 520, 0, 0, 2.51%, 0, 0, 0, 152.60, 13447, 38615, 2.05%
1669879282, 0, 416, 520, 0, 0, 2.51%, 0, 0, 0, 278.15, 13472, 38674, 2.05%
1669879283, 0, 419, 521, 0, 0, 2.51%, 0, 0, 0, 481.73, 13498, 38793, 2.06%
1669879283, 0, 419, 521, 0, 0, 2.51%, 0, 0, 0, 105.61, 13509, 38814, 2.06%
1669879283, 0, 419, 521, 0, 0, 2.51%, 0, 0, 0, 133.33, 13521, 38842, 2.06%
1669879284, 0, 419, 521, 0, 0, 2.51%, 0, 0, 0, 375.42, 13542, 38934, 2.06%
1669879284, 0, 421, 523, 0, 0, 2.51%, 0, 0, 0, 294.54, 13569, 39031, 2.06%
1669879284, 0, 421, 523, 0, 0, 2.51%, 0, 0, 0, 125.83, 13582, 39056, 2.06%
1669879285, 0, 421, 523, 0, 0, 2.51%, 0, 0, 0, 310.00, 13599, 39132, 2.06%
1669879285, 0, 421, 523, 0, 0, 2.51%, 0, 0, 0, 177.29, 13615, 39180, 2.06%
1669879285, 0, 421, 524, 0, 0, 2.51%, 0, 0, 0, 371.34, 13638, 39271, 2.06%
1669879286, 0, 424, 524, 0, 0, 2.51%, 0, 0, 0, 232.48, 13654, 39328, 2.06%
1669879286, 0, 424, 524, 0, 0, 2.51%, 0, 0, 0, 196.67, 13668, 39373, 2.06%
1669879286, 0, 424, 524, 0, 0, 2.51%, 0, 0, 0, 3.26, 13669, 39373, 2.06%
1669879286, 0, 424, 524, 0, 0, 2.51%, 0, 0, 0, 75.16, 13679, 39386, 2.06%
1669879287, 0, 424, 524, 0, 0, 2.51%, 0, 0, 0, 267.10, 13710, 39437, 2.06%
1669879287, 0, 424, 524, 0, 0, 2.51%, 0, 0, 0, 1.48, 13710, 39438, 2.06%
1669879288, 0, 424, 524, 0, 0, 2.51%, 0, 0, 0, 220.06, 13730, 39486, 2.06%
1669879288, 0, 425, 524, 0, 0, 2.51%, 0, 0, 0, 186.05, 13737, 39535, 2.06%
1669879288, 0, 426, 526, 0, 0, 2.51%, 0, 0, 0, 300.00, 13753, 39612, 2.06%
1669879289, 0, 426, 527, 0, 0, 2.51%, 0, 0, 0, 317.88, 13780, 39681, 2.06%
1669879289, 0, 426, 527, 0, 0, 2.51%, 1, 0, 0, 352.16, 13805, 39762, 2.06%
1669879289, 0, 426, 527, 0, 0, 2.51%, 1, 0, 0, 398.67, 13827, 39860, 2.06%
1669879290, 0, 427, 527, 0, 0, 2.51%, 1, 0, 0, 463.33, 13845, 39981, 2.06%
1669879290, 0, 427, 528, 0, 0, 2.51%, 1, 0, 0, 297.00, 13867, 40068, 2.06%
1669879290, 0, 427, 529, 0, 0, 2.51%, 1, 0, 0, 398.67, 13894, 40161, 2.06%
1669879290, 0, 428, 529, 0, 0, 2.51%, 1, 0, 0, 376.67, 13920, 40248, 2.06%
1669879291, 0, 428, 529, 0, 0, 2.51%, 1, 0, 0, 210.53, 13945, 40287, 2.06%
1669879291, 0, 428, 530, 0, 0, 2.51%, 1, 0, 0, 330.00, 13974, 40357, 2.06%
1669879291, 0, 429, 530, 0, 0, 2.51%, 1, 0, 0, 290.00, 13996, 40422, 2.06%
1669879292, 0, 431, 531, 0, 0, 2.51%, 1, 0, 0, 308.20, 14020, 40492, 2.06%
1669879292, 0, 431, 531, 0, 0, 2.51%, 1, 0, 0, 227.39, 14043, 40557, 2.06%
1669879292, 0, 431, 531, 0, 0, 2.51%, 1, 0, 0, 355.56, 14072, 40640, 2.06%
1669879293, 0, 431, 531, 0, 0, 2.51%, 1, 0, 0, 206.67, 14086, 40688, 2.06%
1669879293, 0, 433, 531, 0, 0, 2.51%, 1, 0, 0, 340.00, 14106, 40770, 2.06%
1669879293, 0, 438, 532, 0, 0, 2.51%, 1, 0, 0, 356.67, 14123, 40860, 2.06%
1669879294, 0, 438, 532, 0, 0, 2.51%, 1, 0, 0, 313.33, 14152, 40925, 2.06%
1669879294, 0, 438, 532, 0, 0, 2.51%, 1, 0, 0, 232.70, 14177, 40974, 2.06%
1669879294, 0, 438, 532, 0, 0, 2.51%, 1, 0, 0, 124.60, 14185, 41005, 2.06%
1669879295, 0, 439, 532, 0, 0, 2.51%, 1, 0, 0, 103.26, 14198, 41030, 2.06%
1669879295, 0, 439, 532, 0, 0, 2.51%, 1, 0, 0, 170.49, 14213, 41067, 2.06%
1669879295, 0, 439, 532, 0, 0, 2.51%, 1, 0, 0, 276.67, 14240, 41123, 2.06%
1669879296, 0, 439, 532, 0, 0, 2.51%, 1, 0, 0, 347.68, 14267, 41201, 2.06%
1669879296, 0, 440, 532, 0, 0, 2.51%, 1, 0, 0, 272.13, 14297, 41254, 2.06%
1669879296, 0, 440, 532, 0, 0, 2.51%, 1, 0, 0, 305.65, 14328, 41315, 2.06%
1669879296, 0, 440, 532, 0, 0, 2.51%, 1, 0, 0, 332.23, 14358, 41385, 2.06%
1669879297, 0, 440, 532, 0, 0, 2.51%, 1, 0, 0, 221.50, 14376, 41435, 2.06%
1669879297, 0, 445, 532, 0, 0, 2.51%, 1, 0, 0, 263.33, 14396, 41494, 2.06%
1669879297, 0, 445, 532, 0, 0, 2.51%, 1, 0, 0, 121.36, 14410, 41530, 2.06%
1669879298, 0, 445, 534, 0, 0, 2.51%, 1, 0, 0, 206.67, 14423, 41579, 2.06%
1669879298, 0, 445, 534, 0, 0, 2.51%, 1, 0, 0, 150.31, 14436, 41615, 2.06%
1669879298, 0, 445, 534, 0, 0, 2.51%, 1, 0, 0, 122.92, 14449, 41639, 2.06%
1669879299, 0, 445, 535, 0, 0, 2.51%, 1, 0, 0, 338.87, 14477, 41713, 2.06%
1669879299, 0, 446, 535, 0, 0, 2.51%, 1, 0, 0, 126.54, 14489, 41742, 2.06%
1669879299, 0, 446, 535, 0, 0, 2.51%, 1, 0, 0, 239.20, 14504, 41799, 2.06%
1669879300, 0, 446, 535, 0, 0, 2.51%, 1, 0, 0, 257.14, 14521, 41863, 2.06%
1669879300, 0, 446, 535, 0, 0, 2.51%, 1, 0, 0, 139.04, 14535, 41901, 2.06%
1669879300, 0, 446, 535, 0, 0, 2.51%, 1, 0, 0, 189.37, 14556, 41937, 2.06%
1669879301, 0, 447, 535, 0, 0, 2.51%, 1, 0, 0, 169.93, 14573, 41972, 2.06%
1669879301, 0, 447, 535, 0, 0, 2.51%, 1, 0, 0, 100.00, 14579, 41996, 2.06%
1669879301, 0, 447, 535, 0, 0, 2.51%, 1, 0, 0, 165.56, 14589, 42036, 2.06%
1669879301, 0, 447, 535, 0, 0, 2.51%, 1, 0, 0, 315.61, 14601, 42119, 2.06%
1669879302, 0, 447, 535, 0, 0, 2.51%, 1, 0, 0, 196.01, 14619, 42160, 2.06%
1669879302, 0, 447, 535, 0, 0, 2.51%, 1, 0, 0, 163.33, 14627, 42201, 2.06%
1669879303, 0, 447, 535, 0, 0, 2.51%, 1, 0, 0, 112.26, 14645, 42248, 2.06%
1669879303, 0, 447, 535, 0, 0, 2.51%, 1, 0, 0, 63.09, 14648, 42265, 2.06%
1669879303, 0, 449, 535, 0, 0, 2.51%, 1, 0, 0, 203.08, 14666, 42313, 2.06%
1669879304, 0, 450, 537, 0, 0, 2.52%, 1, 0, 0, 338.87, 14676, 42405, 2.06%
1669879304, 0, 457, 538, 0, 0, 2.52%, 1, 0, 0, 253.21, 14695, 42465, 2.06%
1669879304, 0, 457, 538, 0, 0, 2.52%, 1, 0, 0, 262.30, 14717, 42523, 2.06%
1669879305, 0, 457, 538, 0, 0, 2.52%, 1, 0, 0, 287.54, 14741, 42589, 2.06%
1669879305, 0, 457, 538, 0, 0, 2.52%, 1, 0, 0, 127.45, 14760, 42609, 2.06%
1669879305, 0, 457, 538, 0, 0, 2.52%, 1, 0, 0, 169.93, 14774, 42647, 2.06%
1669879305, 0, 458, 538, 0, 0, 2.52%, 1, 0, 0, 419.14, 14796, 42752, 2.06%
1669879306, 0, 458, 538, 0, 0, 2.52%, 1, 0, 0, 214.29, 14819, 42795, 2.06%
1669879306, 0, 458, 538, 0, 0, 2.52%, 1, 0, 0, 141.91, 14826, 42831, 2.06%
1669879306, 0, 458, 538, 0, 0, 2.52%, 1, 0, 0, 226.67, 14844, 42881, 2.06%
1669879307, 0, 459, 538, 0, 0, 2.52%, 1, 0, 0, 282.39, 14874, 42936, 2.06%
1669879307, 0, 459, 538, 0, 0, 2.52%, 1, 0, 0, 276.49, 14902, 43015, 2.06%
1669879307, 0, 459, 539, 0, 0, 2.52%, 1, 0, 0, 265.78, 14925, 43072, 2.06%
1669879308, 0, 459, 539, 0, 0, 2.52%, 1, 0, 0, 178.81, 14939, 43112, 2.06%
1669879308, 0, 459, 539, 0, 0, 2.52%, 1, 0, 0, 237.94, 14961, 43164, 2.06%
1669879308, 0, 461, 543, 0, 0, 2.52%, 1, 0, 0, 310.00, 14974, 43244, 2.06%
1669879309, 0, 461, 543, 0, 0, 2.52%, 1, 0, 0, 293.33, 15000, 43306, 2.06%
1669879309, 0, 461, 543, 0, 0, 2.52%, 1, 0, 0, 231.79, 15015, 43361, 2.06%
1669879309, 0, 461, 543, 0, 0, 2.52%, 1, 0, 0, 325.66, 15038, 43437, 2.06%
1669879309, 0, 461, 544, 0, 0, 2.52%, 1, 0, 0, 383.61, 15066, 43526, 2.06%
1669879310, 0, 466, 544, 0, 0, 2.52%, 1, 0, 0, 343.33, 15091, 43604, 2.06%
1669879310, 0, 471, 544, 0, 0, 2.52%, 1, 0, 0, 211.92, 15105, 43654, 2.06%
1669879310, 0, 471, 544, 0, 0, 2.52%, 1, 0, 0, 372.09, 15136, 43735, 2.06%
1669879311, 0, 471, 544, 0, 0, 2.52%, 1, 0, 0, 305.92, 15164, 43800, 2.06%
1669879311, 0, 473, 545, 0, 0, 2.52%, 1, 0, 0, 475.25, 15193, 43915, 2.07%
1669879311, 0, 475, 545, 0, 0, 2.52%, 1, 0, 0, 406.45, 15219, 44015, 2.07%
1669879312, 0, 475, 545, 0, 0, 2.52%, 1, 0, 0, 274.83, 15242, 44075, 2.07%
1669879312, 0, 475, 545, 0, 0, 2.52%, 1, 0, 0, 231.79, 15268, 44119, 2.07%
1669879312, 0, 476, 545, 0, 0, 2.52%, 1, 0, 0, 241.83, 15293, 44168, 2.07%
1669879313, 0, 476, 547, 0, 0, 2.53%, 1, 0, 0, 276.87, 15312, 44234, 2.07%
1669879313, 0, 476, 547, 0, 0, 2.53%, 1, 0, 0, 272.13, 15336, 44293, 2.07%
1669879313, 0, 476, 547, 0, 0, 2.53%, 1, 0, 0, 280.00, 15359, 44354, 2.07%
1669879313, 0, 476, 547, 0, 0, 2.53%, 1, 0, 0, 146.67, 15373, 44384, 2.07%
1669879314, 0, 479, 547, 0, 0, 2.53%, 1, 0, 0, 256.67, 15389, 44445, 2.07%
1669879314, 0, 479, 548, 0, 0, 2.53%, 1, 0, 0, 393.33, 15420, 44532, 2.07%
1669879314, 0, 479, 548, 0, 0, 2.53%, 1, 0, 0, 353.33, 15440, 44618, 2.07%
1669879315, 0, 480, 549, 0, 0, 2.53%, 1, 0, 0, 405.94, 15465, 44716, 2.07%
1669879315, 0, 480, 551, 0, 0, 2.53%, 1, 0, 0, 396.67, 15499, 44801, 2.08%
1669879315, 0, 480, 551, 0, 0, 2.53%, 1, 0, 0, 186.67, 15513, 44843, 2.08%
1669879316, 0, 480, 551, 0, 0, 2.53%, 1, 0, 0, 142.43, 15526, 44878, 2.08%
1669879316, 0, 482, 551, 0, 0, 2.53%, 1, 0, 0, 425.25, 15543, 44989, 2.08%
1669879316, 0, 485, 553, 0, 0, 2.53%, 1, 0, 0, 432.34, 15556, 45107, 2.08%
1669879316, 0, 487, 553, 0, 0, 2.53%, 1, 0, 0, 340.98, 15580, 45187, 2.08%
1669879317, 0, 487, 553, 0, 0, 2.53%, 1, 0, 0, 416.67, 15612, 45280, 2.08%
1669879317, 0, 488, 553, 0, 0, 2.53%, 1, 0, 0, 326.67, 15652, 45338, 2.08%
1669879317, 0, 491, 553, 0, 0, 2.53%, 1, 0, 0, 594.06, 15675, 45495, 2.08%
1669879318, 0, 493, 553, 0, 0, 2.53%, 1, 0, 0, 240.92, 15698, 45545, 2.08%
1669879318, 0, 493, 553, 0, 0, 2.53%, 1, 0, 0, 424.84, 15731, 45642, 2.08%
1669879318, 0, 493, 553, 0, 0, 2.53%, 1, 0, 0, 473.51, 15762, 45754, 2.08%
1669879319, 0, 495, 553, 0, 0, 2.53%, 1, 0, 0, 534.43, 15786, 45893, 2.08%
1669879319, 0, 498, 554, 0, 0, 2.53%, 1, 0, 0, 530.00, 15809, 46029, 2.08%
1669879319, 0, 498, 554, 0, 0, 2.53%, 1, 0, 0, 407.28, 15843, 46118, 2.08%
1669879319, 0, 498, 554, 0, 0, 2.53%, 1, 0, 0, 363.33, 15873, 46197, 2.08%
1669879320, 0, 498, 554, 0, 0, 2.53%, 1, 0, 0, 444.44, 15898, 46308, 2.08%
1669879320, 0, 499, 556, 0, 0, 2.53%, 1, 0, 0, 361.84, 15925, 46391, 2.08%
1669879320, 0, 499, 556, 0, 0, 2.53%, 1, 0, 0, 419.14, 15955, 46488, 2.08%
1669879321, 0, 499, 556, 0, 0, 2.53%, 1, 0, 0, 293.33, 15974, 46557, 2.08%
1669879321, 0, 501, 557, 0, 0, 2.53%, 1, 0, 0, 348.68, 15997, 46640, 2.08%
1669879321, 0, 503, 557, 0, 0, 2.53%, 1, 0, 0, 500.00, 16019, 46769, 2.08%
1669879322, 0, 503, 557, 0, 0, 2.53%, 1, 0, 0, 307.19, 16040, 46842, 2.08%
1669879322, 0, 503, 557, 0, 0, 2.53%, 1, 0, 0, 392.16, 16074, 46928, 2.08%
1669879322, 0, 505, 558, 0, 0, 2.53%, 1, 0, 0, 409.84, 16105, 47022, 2.09%
1669879323, 0, 505, 558, 0, 0, 2.53%, 1, 0, 0, 390.73, 16139, 47106, 2.09%
1669879323, 0, 505, 558, 0, 0, 2.53%, 1, 0, 0, 332.24, 16174, 47172, 2.09%
1669879323, 0, 507, 558, 0, 0, 2.53%, 1, 0, 0, 470.00, 16204, 47283, 2.09%
1669879323, 0, 508, 558, 0, 0, 2.53%, 1, 0, 0, 415.28, 16233, 47379, 2.09%
1669879324, 0, 508, 558, 0, 0, 2.53%, 1, 0, 0, 242.14, 16255, 47434, 2.09%
1669879324, 0, 508, 558, 0, 0, 2.53%, 1, 0, 0, 145.63, 16271, 47463, 2.09%
1669879324, 0, 508, 558, 0, 0, 2.53%, 1, 0, 0, 127.45, 16284, 47489, 2.09%
1669879325, 0, 508, 558, 0, 0, 2.53%, 1, 0, 0, 161.59, 16298, 47528, 2.09%
1669879325, 0, 509, 558, 0, 0, 2.53%, 1, 0, 0, 194.72, 16319, 47566, 2.09%
1669879325, 0, 509, 558, 0, 0, 2.53%, 1, 0, 0, 280.00, 16346, 47623, 2.09%
1669879326, 0, 509, 558, 0, 0, 2.53%, 1, 0, 0, 54.55, 16351, 47636, 2.09%
1669879326, 0, 509, 558, 0, 0, 2.53%, 1, 0, 0, 118.90, 16360, 47666, 2.09%
1669879326, 0, 509, 558, 0, 0, 2.53%, 1, 0, 0, 93.85, 16368, 47687, 2.09%
1669879327, 0, 509, 558, 0, 0, 2.53%, 1, 0, 0, 239.20, 16389, 47738, 2.09%
1669879327, 0, 512, 558, 0, 0, 2.53%, 1, 0, 0, 304.64, 16414, 47805, 2.09%
1669879327, 0, 515, 560, 0, 0, 2.54%, 1, 0, 0, 423.84, 16432, 47915, 2.09%
1669879327, 0, 515, 560, 0, 0, 2.54%, 1, 0, 0, 216.39, 16447, 47966, 2.09%
1669879328, 0, 515, 560, 0, 0, 2.54%, 1, 0, 0, 401.99, 16475, 48059, 2.09%
1669879328, 0, 516, 560, 0, 0, 2.54%, 1, 0, 0, 430.00, 16511, 48152, 2.09%
1669879328, 0, 516, 560, 0, 0, 2.54%, 1, 0, 0, 419.67, 16547, 48244, 2.09%
1669879329, 0, 516, 560, 0, 0, 2.54%, 1, 0, 0, 387.42, 16578, 48330, 2.09%
1669879329, 0, 518, 560, 0, 0, 2.54%, 1, 0, 0, 370.00, 16614, 48405, 2.09%
1669879329, 0, 518, 560, 0, 0, 2.54%, 1, 0, 0, 393.33, 16651, 48486, 2.09%
1669879330, 0, 518, 561, 0, 0, 2.54%, 1, 0, 0, 435.22, 16678, 48590, 2.09%
1669879330, 0, 519, 561, 0, 0, 2.54%, 1, 0, 0, 623.33, 16706, 48749, 2.09%
1669879330, 0, 520, 561, 0, 0, 2.54%, 1, 0, 0, 543.33, 16735, 48883, 2.09%
1669879330, 0, 520, 561, 0, 0, 2.54%, 1, 0, 0, 403.28, 16771, 48970, 2.09%
1669879331, 0, 521, 561, 0, 0, 2.54%, 1, 0, 0, 408.64, 16806, 49058, 2.09%
1669879331, 0, 521, 561, 0, 0, 2.54%, 1, 0, 0, 350.82, 16836, 49135, 2.09%
1669879331, 0, 521, 561, 0, 0, 2.54%, 1, 0, 0, 421.93, 16868, 49230, 2.09%
1669879332, 0, 525, 562, 0, 0, 2.54%, 1, 0, 0, 583.33, 16890, 49383, 2.09%
1669879332, 0, 528, 564, 0, 0, 2.54%, 1, 0, 0, 510.00, 16915, 49511, 2.10%
1669879332, 0, 528, 564, 0, 0, 2.54%, 1, 0, 0, 513.33, 16940, 49640, 2.10%
1669879333, 0, 528, 564, 0, 0, 2.54%, 1, 0, 0, 536.67, 16963, 49778, 2.10%
1669879333, 0, 530, 564, 0, 0, 2.54%, 1, 0, 0, 473.33, 16998, 49885, 2.10%
1669879333, 0, 530, 564, 0, 0, 2.54%, 1, 0, 0, 426.67, 17034, 49977, 2.10%
1669879334, 0, 531, 564, 0, 0, 2.54%, 1, 0, 0, 312.90, 17063, 50045, 2.10%
1669879334, 0, 538, 564, 0, 0, 2.54%, 1, 0, 0, 396.04, 17090, 50138, 2.10%
1669879334, 0, 538, 564, 0, 0, 2.54%, 1, 0, 0, 456.67, 17123, 50242, 2.10%
1669879334, 0, 541, 565, 0, 0, 2.54%, 1, 0, 0, 429.51, 17156, 50340, 2.10%
1669879335, 0, 542, 567, 0, 0, 2.54%, 1, 0, 0, 146.67, 17163, 50377, 2.10%
1669879335, 0, 543, 567, 0, 0, 2.54%, 1, 0, 0, 148.03, 17179, 50406, 2.10%
1669879335, 0, 543, 567, 0, 0, 2.54%, 1, 0, 0, 345.51, 17219, 50470, 2.10%
1669879336, 0, 543, 567, 0, 0, 2.54%, 1, 0, 0, 369.64, 17253, 50548, 2.10%
1669879336, 0, 544, 567, 0, 0, 2.54%, 1, 0, 0, 153.33, 17265, 50582, 2.10%
1669879336, 0, 544, 567, 0, 0, 2.54%, 1, 0, 0, 85.04, 17274, 50602, 2.10%
1669879337, 0, 544, 567, 0, 0, 2.54%, 1, 0, 0, 401.99, 17303, 50694, 2.10%
1669879337, 0, 544, 567, 0, 0, 2.54%, 1, 0, 0, 456.67, 17336, 50798, 2.10%
1669879337, 0, 546, 567, 0, 0, 2.54%, 1, 0, 0, 520.00, 17364, 50926, 2.10%
1669879337, 0, 549, 567, 0, 0, 2.54%, 1, 0, 0, 373.33, 17389, 51013, 2.10%
1669879338, 0, 549, 567, 0, 0, 2.54%, 1, 0, 0, 516.67, 17419, 51138, 2.10%
1669879338, 0, 550, 568, 0, 0, 2.54%, 1, 0, 0, 490.00, 17452, 51252, 2.10%
1669879338, 0, 550, 568, 0, 0, 2.54%, 1, 0, 0, 470.00, 17487, 51358, 2.10%
1669879339, 0, 552, 568, 0, 0, 2.54%, 1, 0, 0, 513.33, 17518, 51481, 2.10%
1669879339, 0, 556, 568, 0, 0, 2.54%, 1, 0, 0, 455.15, 17542, 51594, 2.10%
1669879339, 0, 556, 568, 0, 0, 2.54%, 1, 0, 0, 503.33, 17568, 51719, 2.10%
1669879340, 0, 556, 568, 0, 0, 2.54%, 1, 0, 0, 405.32, 17590, 51819, 2.10%
1669879340, 0, 557, 568, 0, 0, 2.54%, 1, 0, 0, 453.33, 17621, 51924, 2.10%
1669879340, 0, 557, 569, 0, 0, 2.54%, 1, 0, 0, 460.26, 17654, 52030, 2.10%
1669879340, 0, 557, 570, 0, 0, 2.55%, 1, 0, 0, 496.67, 17686, 52147, 2.10%
1669879341, 0, 559, 571, 0, 0, 2.55%, 1, 0, 0, 513.33, 17708, 52279, 2.10%
1669879341, 0, 562, 574, 0, 0, 2.55%, 1, 0, 0, 478.41, 17735, 52396, 2.10%
1669879341, 0, 562, 575, 0, 0, 2.55%, 1, 0, 0, 534.88, 17757, 52535, 2.10%
1669879342, 0, 563, 576, 0, 0, 2.55%, 1, 0, 0, 423.33, 17784, 52635, 2.10%
1669879342, 0, 563, 576, 0, 0, 2.55%, 1, 0, 0, 501.63, 17810, 52763, 2.10%
1669879342, 0, 563, 576, 0, 0, 2.55%, 1, 0, 0, 486.67, 17841, 52878, 2.10%
1669879343, 0, 569, 576, 0, 0, 2.55%, 1, 0, 0, 536.67, 17873, 53007, 2.10%
1669879343, 0, 569, 576, 0, 0, 2.55%, 1, 0, 0, 383.33, 17917, 53078, 2.10%
1669879343, 0, 569, 577, 0, 0, 2.55%, 1, 0, 0, 376.67, 17960, 53148, 2.10%
1669879343, 0, 572, 579, 0, 0, 2.56%, 1, 0, 0, 566.67, 17989, 53289, 2.10%
1669879344, 0, 572, 579, 0, 0, 2.56%, 1, 0, 0, 361.56, 18018, 53371, 2.10%
1669879344, 0, 572, 579, 0, 0, 2.56%, 1, 0, 0, 450.00, 18037, 53487, 2.10%
1669879344, 0, 576, 579, 0, 0, 2.56%, 1, 0, 0, 476.67, 18068, 53599, 2.10%
1669879345, 0, 576, 579, 0, 0, 2.56%, 1, 0, 0, 462.05, 18109, 53698, 2.10%
1669879345, 0, 577, 579, 0, 0, 2.56%, 1, 0, 0, 423.33, 18147, 53787, 2.10%
1669879345, 1, 0, 580, 0, 0, 2.56%, 1, 0, 0, 623.33, 18158, 53963, 2.10%
1669879346, 1, 4, 580, 0, 0, 2.56%, 1, 0, 0, 620.00, 18184, 54123, 2.10%
1669879346, 1, 4, 580, 0, 0, 2.56%, 1, 0, 0, 450.00, 18219, 54223, 2.10%
1669879346, 1, 6, 580, 0, 0, 2.56%, 1, 0, 0, 500.00, 18250, 54342, 2.10%
1669879346, 1, 11, 580, 0, 0, 2.56%, 1, 0, 0, 562.91, 18274, 54488, 2.10%
1669879347, 1, 12, 580, 0, 0, 2.56%, 1, 0, 0, 380.00, 18314, 54562, 2.10%
1669879347, 1, 12, 580, 0, 0, 2.56%, 1, 0, 0, 428.57, 18352, 54653, 2.10%
1669879347, 1, 14, 580, 0, 0, 2.56%, 1, 0, 0, 440.00, 18384, 54753, 2.10%
1669879348, 1, 15, 580, 0, 0, 2.56%, 1, 0, 0, 488.37, 18414, 54870, 2.10%
1669879348, 1, 15, 580, 0, 0, 2.56%, 1, 0, 0, 438.54, 18450, 54966, 2.10%
1669879348, 1, 16, 580, 0, 0, 2.56%, 1, 0, 0, 378.29, 18487, 55044, 2.10%
1669879349, 1, 16, 580, 0, 0, 2.56%, 1, 0, 0, 423.33, 18526, 55132, 2.10%
1669879349, 1, 16, 580, 0, 0, 2.56%, 1, 0, 0, 373.33, 18567, 55203, 2.10%
1669879349, 1, 21, 580, 0, 0, 2.56%, 1, 0, 0, 524.92, 18597, 55331, 2.10%
1669879350, 1, 25, 580, 0, 0, 2.56%, 1, 0, 0, 548.17, 18630, 55463, 2.10%
1669879350, 1, 25, 580, 0, 0, 2.56%, 1, 0, 0, 403.33, 18670, 55544, 2.10%
1669879350, 1, 27, 580, 0, 0, 2.56%, 1, 0, 0, 313.89, 18700, 55627, 2.10%
1669879350, 1, 29, 580, 0, 0, 2.56%, 1, 0, 0, 473.33, 18719, 55750, 2.10%
1669879351, 1, 33, 580, 0, 0, 2.56%, 1, 0, 0, 363.33, 18739, 55839, 2.10%
1669879351, 1, 33, 580, 0, 0, 2.56%, 1, 0, 0, 358.80, 18760, 55926, 2.10%
1669879351, 1, 33, 580, 0, 0, 2.56%, 1, 0, 0, 283.33, 18788, 55983, 2.10%
1669879352, 1, 33, 580, 0, 0, 2.56%, 1, 0, 0, 314.75, 18821, 56046, 2.10%
1669879352, 1, 39, 580, 0, 0, 2.56%, 1, 0, 0, 407.28, 18848, 56142, 2.10%
1669879352, 1, 39, 581, 0, 0, 2.57%, 1, 0, 0, 432.34, 18882, 56239, 2.11%
1669879353, 1, 40, 581, 0, 0, 2.57%, 1, 0, 0, 386.67, 18917, 56320, 2.11%
1669879353, 1, 46, 581, 0, 0, 2.57%, 1, 0, 0, 675.50, 18934, 56507, 2.11%
1669879353, 1, 49, 581, 0, 0, 2.57%, 1, 0, 0, 335.55, 18955, 56587, 2.11%
1669879353, 1, 49, 581, 0, 0, 2.57%, 1, 0, 0, 311.48, 18981, 56656, 2.11%
1669879354, 1, 49, 581, 0, 0, 2.57%, 1, 0, 0, 295.45, 19003, 56725, 2.11%
1669879354, 1, 49, 581, 0, 0, 2.57%, 1, 0, 0, 229.24, 19025, 56772, 2.11%
1669879354, 1, 52, 581, 0, 0, 2.57%, 1, 0, 0, 223.33, 19042, 56822, 2.11%
1669879355, 1, 52, 581, 0, 0, 2.57%, 1, 0, 0, 257.43, 19063, 56879, 2.11%
1669879355, 1, 52, 581, 0, 0, 2.57%, 1, 0, 0, 458.75, 19098, 56983, 2.11%
1669879355, 1, 54, 581, 0, 0, 2.57%, 1, 0, 0, 380.79, 19122, 57074, 2.11%
1669879356, 1, 56, 581, 0, 0, 2.57%, 1, 0, 0, 214.52, 19135, 57126, 2.11%
1669879356, 1, 57, 581, 0, 0, 2.57%, 1, 0, 0, 387.42, 19167, 57211, 2.11%
1669879356, 1, 57, 581, 0, 0, 2.57%, 1, 0, 0, 420.00, 19202, 57302, 2.11%
1669879357, 1, 57, 581, 0, 0, 2.57%, 1, 0, 0, 376.62, 19240, 57380, 2.11%
1669879357, 1, 69, 581, 0, 0, 2.57%, 1, 0, 0, 458.75, 19275, 57484, 2.11%
1669879357, 1, 69, 582, 0, 0, 2.57%, 1, 0, 0, 350.99, 19309, 57556, 2.11%
1669879357, 1, 69, 582, 0, 0, 2.57%, 1, 0, 0, 420.53, 19349, 57643, 2.11%
1669879358, 1, 76, 582, 0, 0, 2.57%, 1, 0, 0, 534.88, 19375, 57778, 2.11%
1669879358, 1, 79, 582, 0, 0, 2.57%, 1, 0, 0, 528.05, 19407, 57906, 2.11%
1669879358, 1, 79, 582, 0, 0, 2.57%, 1, 0, 0, 446.67, 19446, 58001, 2.11%
1669879359, 1, 81, 582, 0, 0, 2.57%, 1, 0, 0, 408.64, 19482, 58088, 2.11%
1669879359, 1, 88, 582, 0, 0, 2.57%, 1, 0, 0, 590.16, 19509, 58241, 2.11%
1669879359, 1, 88, 582, 0, 0, 2.57%, 1, 0, 0, 375.42, 19540, 58323, 2.11%
1669879360, 1, 88, 582, 0, 0, 2.57%, 1, 0, 0, 433.77, 19577, 58417, 2.11%
1669879360, 1, 94, 582, 0, 0, 2.57%, 1, 0, 0, 486.75, 19608, 58533, 2.11%
1669879360, 1, 94, 582, 0, 0, 2.57%, 1, 0, 0, 406.67, 19647, 58616, 2.11%
1669879360, 1, 95, 582, 0, 0, 2.57%, 1, 0, 0, 543.33, 19679, 58747, 2.11%
1669879361, 1, 101, 582, 0, 0, 2.57%, 1, 0, 0, 516.67, 19706, 58875, 2.11%
1669879361, 1, 104, 582, 0, 0, 2.57%, 1, 0, 0, 394.74, 19747, 58954, 2.11%
1669879361, 1, 104, 582, 0, 0, 2.57%, 1, 0, 0, 415.84, 19784, 59043, 2.11%
1669879362, 1, 105, 582, 0, 0, 2.57%, 1, 0, 0, 371.71, 19819, 59121, 2.11%
1669879362, 1, 105, 582, 0, 0, 2.57%, 1, 0, 0, 453.33, 19858, 59218, 2.11%
1669879362, 1, 107, 582, 0, 0, 2.57%, 1, 0, 0, 450.00, 19891, 59320, 2.11%
1669879363, 1, 107, 582, 0, 0, 2.57%, 1, 0, 0, 370.72, 19921, 59409, 2.11%
1669879363, 1, 107, 582, 0, 0, 2.57%, 1, 0, 0, 400.00, 19958, 59492, 2.11%
1669879363, 1, 109, 582, 0, 0, 2.57%, 1, 0, 0, 533.33, 19987, 59623, 2.11%
1669879363, 1, 109, 582, 0, 0, 2.57%, 1, 0, 0, 455.15, 20020, 59727, 2.11%
1669879364, 1, 109, 582, 0, 0, 2.57%, 1, 0, 0, 370.49, 20053, 59807, 2.11%
1669879364, 1, 110, 583, 0, 0, 2.57%, 1, 0, 0, 503.33, 20085, 59926, 2.11%
1669879364, 1, 110, 583, 0, 0, 2.57%, 1, 0, 0, 406.67, 20124, 60009, 2.11%
1669879365, 1, 110, 583, 0, 0, 2.57%, 1, 0, 0, 338.87, 20144, 60091, 2.11%
1669879365, 1, 116, 583, 0, 0, 2.57%, 1, 0, 0, 529.41, 20174, 60223, 2.11%
1669879365, 1, 117, 583, 0, 0, 2.57%, 1, 0, 0, 446.67, 20207, 60324, 2.11%
1669879366, 1, 117, 583, 0, 0, 2.57%, 1, 0, 0, 443.71, 20240, 60425, 2.11%
1669879366, 1, 124, 583, 0, 0, 2.57%, 1, 0, 0, 419.14, 20270, 60522, 2.11%
1669879366, 1, 125, 583, 0, 0, 2.57%, 1, 0, 0, 396.04, 20303, 60609, 2.11%
1669879366, 1, 125, 583, 0, 0, 2.57%, 1, 0, 0, 490.00, 20338, 60721, 2.11%
1669879367, 1, 126, 583, 0, 0, 2.57%, 1, 0, 0, 399.34, 20375, 60805, 2.11%
1669879367, 1, 126, 583, 0, 0, 2.57%, 1, 0, 0, 498.35, 20410, 60921, 2.11%
1669879367, 1, 130, 583, 0, 0, 2.57%, 1, 0, 0, 463.33, 20441, 61029, 2.11%
1669879368, 1, 137, 583, 0, 0, 2.57%, 1, 0, 0, 511.63, 20470, 61154, 2.11%
1669879368, 1, 137, 583, 0, 0, 2.57%, 1, 0, 0, 388.70, 20507, 61234, 2.11%
1669879368, 1, 140, 585, 0, 0, 2.57%, 1, 0, 0, 491.69, 20539, 61350, 2.11%
1669879369, 1, 141, 585, 0, 0, 2.57%, 1, 0, 0, 420.00, 20574, 61441, 2.11%
1669879369, 1, 141, 585, 0, 0, 2.57%, 1, 0, 0, 420.53, 20613, 61529, 2.11%
1669879369, 1, 144, 585, 0, 0, 2.57%, 1, 0, 0, 416.67, 20651, 61616, 2.11%
1669879370, 1, 144, 585, 0, 0, 2.57%, 1, 0, 0, 368.42, 20691, 61688, 2.11%
1669879370, 1, 147, 585, 0, 0, 2.57%, 1, 0, 0, 433.77, 20726, 61784, 2.11%
1669879370, 1, 147, 585, 0, 0, 2.57%, 1, 0, 0, 403.28, 20765, 61868, 2.11%
1669879370, 1, 147, 585, 0, 0, 2.57%, 1, 0, 0, 390.73, 20805, 61946, 2.11%
1669879371, 1, 152, 585, 0, 0, 2.57%, 1, 0, 0, 433.33, 20836, 62045, 2.11%
1669879371, 1, 152, 585, 0, 0, 2.57%, 1, 0, 0, 408.64, 20875, 62129, 2.11%
1669879371, 1, 152, 585, 0, 0, 2.57%, 1, 0, 0, 388.16, 20912, 62210, 2.11%
1669879372, 1, 157, 585, 0, 0, 2.57%, 1, 0, 0, 703.33, 20932, 62401, 2.11%
1669879372, 1, 158, 585, 0, 0, 2.57%, 1, 0, 0, 480.13, 20969, 62509, 2.11%
1669879372, 1, 158, 586, 0, 0, 2.57%, 1, 0, 0, 403.33, 21004, 62595, 2.11%
1669879373, 1, 159, 586, 0, 0, 2.57%, 1, 0, 0, 423.84, 21037, 62690, 2.11%
1669879373, 1, 159, 586, 0, 0, 2.57%, 1, 0, 0, 500.00, 21071, 62808, 2.11%
1669879373, 1, 160, 587, 0, 0, 2.57%, 1, 0, 0, 389.44, 21111, 62886, 2.11%
1669879373, 1, 162, 588, 0, 0, 2.57%, 1, 0, 0, 493.33, 21144, 63001, 2.11%
1669879374, 1, 162, 589, 0, 0, 2.57%, 1, 0, 0, 415.28, 21180, 63090, 2.11%
1669879374, 1, 165, 589, 0, 0, 2.57%, 1, 0, 0, 533.33, 21212, 63218, 2.11%
1669879374, 1, 165, 589, 0, 0, 2.57%, 1, 0, 0, 299.47, 21230, 63312, 2.11%
1669879375, 1, 165, 590, 0, 0, 2.57%, 1, 0, 0, 447.37, 21265, 63413, 2.11%
1669879375, 1, 166, 590, 0, 0, 2.57%, 1, 0, 0, 553.33, 21300, 63544, 2.11%
1669879375, 1, 166, 590, 0, 0, 2.57%, 1, 0, 0, 427.15, 21339, 63634, 2.11%
1669879376, 1, 167, 590, 0, 0, 2.57%, 1, 0, 0, 460.00, 21374, 63737, 2.11%
1669879376, 1, 167, 590, 0, 0, 2.57%, 1, 0, 0, 440.00, 21410, 63833, 2.11%
1669879376, 1, 167, 590, 0, 0, 2.57%, 1, 0, 0, 378.74, 21452, 63905, 2.11%
1669879377, 1, 168, 590, 0, 0, 2.57%, 1, 0, 0, 440.00, 21488, 64001, 2.11%
1669879377, 1, 168, 590, 0, 0, 2.57%, 1, 0, 0, 384.87, 21534, 64072, 2.11%
1669879377, 1, 169, 590, 0, 0, 2.57%, 1, 0, 0, 401.99, 21570, 64157, 2.11%
1669879377, 1, 169, 590, 0, 0, 2.57%, 1, 0, 0, 417.22, 21609, 64244, 2.11%
1669879378, 1, 169, 590, 0, 0, 2.57%, 1, 0, 0, 352.16, 21644, 64315, 2.11%
1669879378, 1, 176, 591, 0, 0, 2.57%, 1, 0, 0, 445.54, 21680, 64414, 2.11%
1669879378, 1, 176, 591, 0, 0, 2.57%, 1, 0, 0, 381.58, 21721, 64489, 2.11%
1669879379, 1, 177, 591, 0, 0, 2.57%, 1, 0, 0, 466.67, 21754, 64596, 2.11%
1669879379, 1, 178, 591, 0, 0, 2.57%, 1, 0, 0, 510.00, 21785, 64718, 2.11%
1669879379, 1, 178, 591, 0, 0, 2.57%, 1, 0, 0, 480.00, 21822, 64825, 2.11%
1669879380, 1, 179, 592, 0, 0, 2.57%, 1, 0, 0, 446.67, 21862, 64919, 2.11%
1669879380, 1, 179, 592, 0, 0, 2.57%, 1, 0, 0, 420.00, 21900, 65007, 2.11%
1669879380, 1, 180, 592, 0, 0, 2.57%, 1, 0, 0, 422.44, 21941, 65094, 2.11%
1669879380, 1, 180, 592, 0, 0, 2.57%, 1, 0, 0, 421.93, 21982, 65180, 2.11%
1669879381, 1, 180, 592, 0, 0, 2.57%, 1, 0, 0, 423.33, 22013, 65276, 2.11%
1669879381, 1, 181, 592, 0, 0, 2.57%, 1, 0, 0, 390.00, 22049, 65357, 2.11%
1669879381, 1, 181, 592, 0, 0, 2.57%, 1, 0, 0, 450.00, 22082, 65459, 2.11%
1669879382, 1, 183, 592, 0, 0, 2.57%, 1, 0, 0, 483.55, 22112, 65576, 2.11%
1669879382, 1, 183, 592, 0, 0, 2.57%, 1, 0, 0, 366.34, 22153, 65646, 2.11%
1669879382, 1, 183, 592, 0, 0, 2.57%, 1, 0, 0, 311.17, 22189, 65727, 2.11%
1669879383, 1, 187, 592, 0, 0, 2.57%, 1, 0, 0, 302.63, 22219, 65789, 2.11%
1669879383, 1, 187, 592, 0, 0, 2.57%, 1, 0, 0, 402.64, 22256, 65874, 2.11%
1669879383, 1, 187, 592, 0, 0, 2.57%, 1, 0, 0, 343.23, 22293, 65941, 2.11%
1669879384, 1, 188, 592, 0, 0, 2.57%, 1, 0, 0, 417.76, 22333, 66028, 2.11%
1669879384, 1, 188, 592, 0, 0, 2.57%, 1, 0, 0, 460.00, 22369, 66130, 2.11%
1669879384, 1, 188, 592, 0, 0, 2.57%, 1, 0, 0, 453.33, 22403, 66232, 2.11%
1669879384, 1, 189, 592, 0, 0, 2.57%, 1, 0, 0, 370.00, 22444, 66302, 2.11%
1669879385, 1, 189, 592, 0, 0, 2.57%, 1, 0, 0, 461.79, 22481, 66404, 2.11%
1669879385, 1, 200, 592, 0, 0, 2.57%, 1, 0, 0, 490.00, 22513, 66519, 2.11%
1669879385, 1, 201, 592, 0, 0, 2.57%, 1, 0, 0, 540.00, 22546, 66648, 2.11%
1669879386, 1, 201, 592, 0, 0, 2.57%, 1, 0, 0, 480.00, 22581, 66757, 2.11%
1669879386, 1, 202, 592, 0, 0, 2.57%, 1, 0, 0, 410.00, 22621, 66840, 2.11%
1669879386, 1, 202, 593, 0, 0, 2.57%, 1, 0, 0, 343.33, 22662, 66902, 2.11%
1669879387, 1, 202, 593, 0, 0, 2.57%, 1, 0, 0, 436.67, 22694, 67001, 2.11%
1669879387, 1, 203, 593, 0, 0, 2.57%, 1, 0, 0, 418.60, 22731, 67090, 2.11%
1669879387, 1, 203, 593, 0, 0, 2.57%, 1, 0, 0, 310.23, 22757, 67158, 2.11%
1669879387, 1, 205, 593, 0, 0, 2.57%, 1, 0, 0, 468.65, 22794, 67263, 2.11%
1669879388, 1, 205, 593, 0, 0, 2.57%, 1, 0, 0, 430.00, 22828, 67358, 2.11%
1669879388, 1, 205, 593, 0, 0, 2.57%, 1, 0, 0, 410.00, 22862, 67447, 2.11%
1669879388, 1, 210, 593, 0, 0, 2.57%, 1, 0, 0, 401.32, 22895, 67536, 2.11%
1669879389, 1, 210, 594, 0, 0, 2.58%, 1, 0, 0, 420.00, 22929, 67628, 2.11%
1669879389, 1, 210, 594, 0, 0, 2.58%, 1, 0, 0, 377.48, 22964, 67707, 2.11%
1669879389, 1, 211, 594, 0, 0, 2.58%, 1, 0, 0, 423.33, 22999, 67799, 2.11%
1669879390, 1, 211, 594, 0, 0, 2.58%, 1, 0, 0, 273.93, 23020, 67861, 2.11%
1669879390, 1, 211, 594, 0, 0, 2.58%, 1, 0, 0, 448.84, 23057, 67960, 2.11%
1669879390, 1, 212, 594, 0, 0, 2.58%, 1, 0, 0, 412.54, 23093, 68049, 2.11%
1669879390, 1, 212, 594, 0, 0, 2.58%, 1, 0, 0, 396.67, 23133, 68128, 2.11%
1669879391, 1, 212, 594, 0, 0, 2.58%, 1, 0, 0, 498.34, 23166, 68245, 2.11%
1669879391, 1, 215, 594, 0, 0, 2.58%, 1, 0, 0, 475.08, 23198, 68356, 2.11%
1669879391, 1, 215, 595, 0, 0, 2.58%, 1, 0, 0, 410.00, 23233, 68444, 2.11%
1669879392, 1, 215, 595, 0, 0, 2.58%, 1, 0, 0, 421.57, 23267, 68539, 2.11%
1669879392, 1, 218, 595, 0, 0, 2.58%, 1, 0, 0, 457.24, 23306, 68639, 2.11%
1669879392, 1, 218, 596, 0, 0, 2.58%, 1, 0, 0, 204.62, 23324, 68683, 2.12%
1669879393, 1, 218, 596, 0, 0, 2.58%, 1, 0, 0, 363.33, 23364, 68752, 2.12%
1669879393, 1, 220, 596, 0, 0, 2.58%, 1, 0, 0, 493.42, 23401, 68865, 2.12%
1669879393, 1, 220, 596, 0, 0, 2.58%, 1, 0, 0, 416.67, 23443, 68948, 2.12%
1669879393, 1, 221, 597, 0, 0, 2.58%, 1, 0, 0, 523.33, 23476, 69072, 2.12%
1669879394, 1, 237, 597, 0, 0, 2.58%, 1, 0, 0, 526.49, 23506, 69201, 2.12%
1669879394, 1, 237, 597, 0, 0, 2.58%, 1, 0, 0, 409.24, 23549, 69282, 2.12%
1669879394, 1, 237, 597, 0, 0, 2.58%, 1, 0, 0, 382.06, 23586, 69360, 2.12%
1669879395, 1, 238, 597, 0, 0, 2.58%, 1, 0, 0, 435.22, 23618, 69459, 2.12%
1669879395, 1, 238, 598, 0, 0, 2.58%, 1, 0, 0, 396.67, 23659, 69537, 2.12%
1669879395, 1, 238, 598, 0, 0, 2.58%, 1, 0, 0, 346.53, 23687, 69614, 2.12%
1669879396, 1, 241, 598, 0, 0, 2.58%, 1, 0, 0, 486.75, 23721, 69727, 2.12%
1669879396, 1, 241, 598, 0, 0, 2.58%, 1, 0, 0, 440.40, 23758, 69823, 2.12%
1669879396, 1, 243, 598, 0, 0, 2.58%, 1, 0, 0, 571.43, 23786, 69967, 2.12%
1669879396, 1, 243, 598, 0, 0, 2.58%, 1, 0, 0, 416.67, 23825, 70053, 2.12%
1669879397, 1, 243, 598, 0, 0, 2.58%, 1, 0, 0, 480.00, 23862, 70160, 2.12%
1669879397, 1, 244, 598, 0, 0, 2.58%, 1, 0, 0, 380.00, 23901, 70235, 2.12%
1669879397, 1, 244, 598, 0, 0, 2.58%, 1, 0, 0, 378.74, 23945, 70305, 2.12%
1669879398, 1, 245, 598, 0, 0, 2.58%, 1, 0, 0, 436.67, 23985, 70396, 2.12%
1669879398, 1, 245, 598, 0, 0, 2.58%, 1, 0, 0, 406.67, 24026, 70477, 2.12%
1669879398, 1, 245, 598, 0, 0, 2.58%, 1, 0, 0, 366.67, 24071, 70542, 2.12%
1669879399, 1, 247, 598, 0, 0, 2.58%, 1, 0, 0, 480.00, 24105, 70652, 2.12%
1669879399, 1, 247, 598, 0, 0, 2.58%, 1, 0, 0, 308.20, 24145, 70706, 2.12%
1669879399, 1, 247, 598, 0, 0, 2.58%, 1, 0, 0, 433.79, 24174, 70772, 2.12%
